#NOTE: MSDs should be divided by (temperature^2).
#NOTE: MSDs have been divided by 2.
#Time	MSD_x	MSD_y	MSD_z	MSD_all
 10 16998.3 45908.5 68293.6 43733.5
 20 67919.8 132289 186323 128844
 30 152718 201498 253125 202447
 40 271392 258148 279141 269561
 50 423955 329674 313668 355765
 60 610402 422100 365573 466025
 70 830716 532027 427351 596698
 80 1.08489e+06 661405 502873 749722
 90 1.37291e+06 810052 591359 924773
 100 1.69477e+06 973935 684637 1.11778e+06
 110 2.05046e+06 1.15177e+06 781340 1.32786e+06
 120 2.43998e+06 1.34465e+06 885139 1.55659e+06
 130 2.86331e+06 1.55294e+06 996966 1.80441e+06
 140 3.32044e+06 1.7771e+06 1.11659e+06 2.07138e+06
 150 3.81138e+06 2.01761e+06 1.24455e+06 2.35785e+06
 160 4.3361e+06 2.27412e+06 1.38037e+06 2.66353e+06
 170 4.89461e+06 2.54607e+06 1.52317e+06 2.98795e+06
 180 5.4869e+06 2.83381e+06 1.67305e+06 3.33125e+06
 190 6.11295e+06 3.1377e+06 1.83021e+06 3.69362e+06
 200 6.77277e+06 3.45734e+06 1.99435e+06 4.07482e+06
 200 6.77286e+06 3.45649e+06 2.0051e+06 4.07815e+06
 400 2.70559e+07 1.31635e+07 6.87851e+06 1.56993e+07
 600 6.08434e+07 2.92103e+07 1.4799e+07 3.49509e+07
 800 1.08149e+08 5.16262e+07 2.57562e+07 6.18437e+07
 1000 1.68965e+08 8.03758e+07 3.97511e+07 9.6364e+07
 1200 2.43287e+08 1.15442e+08 5.675e+07 1.38493e+08
 1400 3.3112e+08 1.56824e+08 7.67031e+07 1.88216e+08
 1600 4.32461e+08 2.04513e+08 9.96001e+07 2.45525e+08
 1800 5.47309e+08 2.585e+08 1.25412e+08 3.10407e+08
 2000 6.75665e+08 3.18773e+08 1.54133e+08 3.82857e+08
 2200 8.17526e+08 3.8533e+08 1.85721e+08 4.62859e+08
 2400 9.72893e+08 4.58161e+08 2.20148e+08 5.50401e+08
 2600 1.14176e+09 5.3726e+08 2.5743e+08 6.45484e+08
 2800 1.32414e+09 6.22615e+08 2.97513e+08 7.4809e+08
 3000 1.52002e+09 7.14218e+08 3.4038e+08 8.58206e+08
 3200 1.7294e+09 8.12066e+08 3.86019e+08 9.75828e+08
 3400 1.95228e+09 9.16145e+08 4.34409e+08 1.10095e+09
 3600 2.18867e+09 1.02645e+09 4.85528e+08 1.23355e+09
 3800 2.43856e+09 1.14296e+09 5.39362e+08 1.37363e+09
 4000 2.70195e+09 1.2657e+09 5.95896e+08 1.52118e+09
 4000 2.70168e+09 1.26623e+09 5.93276e+08 1.5204e+09
 8000 1.0803e+10 5.0151e+09 2.25993e+09 6.026e+09
 12000 2.43008e+10 1.12007e+10 4.88925e+09 1.34636e+10
 16000 4.31936e+10 1.9777e+10 8.40639e+09 2.37923e+10
 20000 6.7476e+10 3.07057e+10 1.27578e+10 3.69798e+10
 24000 9.71451e+10 4.39594e+10 1.78886e+10 5.29977e+10
 28000 1.32201e+11 5.95061e+10 2.37997e+10 7.18356e+10
 32000 1.72641e+11 7.73496e+10 3.04732e+10 9.34879e+10
 36000 2.18467e+11 9.74401e+10 3.78554e+10 1.17921e+11
 40000 2.69681e+11 1.19751e+11 4.58744e+10 1.45102e+11
 44000 3.26288e+11 1.44273e+11 5.44877e+10 1.75016e+11
 48000 3.88288e+11 1.70997e+11 6.36738e+10 2.07653e+11
 52000 4.55688e+11 1.99899e+11 7.34629e+10 2.43017e+11
 56000 5.28486e+11 2.30956e+11 8.39135e+10 2.81118e+11
 60000 6.06681e+11 2.64146e+11 9.50221e+10 3.2195e+11
 64000 6.90287e+11 2.99452e+11 1.06771e+11 3.65504e+11
 68000 7.79311e+11 3.36864e+11 1.19148e+11 4.11774e+11
 72000 8.73751e+11 3.76408e+11 1.32189e+11 4.60783e+11
 76000 9.73603e+11 4.18014e+11 1.4584e+11 5.12486e+11
 80000 1.07885e+12 4.61661e+11 1.60116e+11 5.66877e+11
 80000 1.07649e+12 4.64167e+11 1.63164e+11 5.67942e+11
 160000 4.31127e+12 1.75762e+12 5.52826e+11 2.20724e+12
 240000 9.69874e+12 3.90271e+12 1.15791e+12 4.91979e+12
 320000 1.72183e+13 6.95761e+12 1.89504e+12 8.69032e+12
 400000 2.68257e+13 1.0667e+13 2.75632e+12 1.34163e+13
 480000 3.86123e+13 1.52342e+13 3.72755e+12 1.91913e+13
 560000 5.25501e+13 2.06574e+13 4.77868e+12 2.59954e+13
 640000 6.85283e+13 2.71427e+13 5.77918e+12 3.38167e+13
 720000 8.64727e+13 3.50322e+13 6.85e+12 4.27849e+13
 800000 1.06364e+14 4.39851e+13 7.77774e+12 5.27091e+13
 880000 1.28424e+14 5.42084e+13 8.65232e+12 6.37616e+13
 960000 1.52657e+14 6.50982e+13 9.51942e+12 7.57584e+13
 1.04e+06 1.79077e+14 7.62573e+13 1.07062e+13 8.868e+13
 1.12e+06 2.07775e+14 8.75543e+13 1.24563e+13 1.02595e+14
 1.2e+06 2.38789e+14 9.8445e+13 1.49658e+13 1.174e+14
 1.28e+06 2.72263e+14 1.08512e+14 1.79301e+13 1.32902e+14
 1.36e+06 3.08466e+14 1.18568e+14 2.14709e+13 1.49502e+14
 1.44e+06 3.46824e+14 1.2832e+14 2.49013e+13 1.66682e+14
 1.52e+06 3.87014e+14 1.39353e+14 2.90029e+13 1.85123e+14
 1.6e+06 4.28834e+14 1.52081e+14 3.27063e+13 2.0454e+14
 1.6e+06 4.25688e+14 1.23851e+14 4.79693e+13 1.99169e+14
