#NOTE: MSDs should be divided by the temperature.
#NOTE: MSDs have been divided by 2 or 10 (i.e., the viscosity computed from all components).
#Time	MSD_xx	MSD_yy	MSD_zz	MSD_xy	MSD_xz	MSD_yz	MSD_off	MSD_all	MSD_bulkvisc
 10 2.1048e+09 2.10797e+09 2.07388e+09 2.11383e+09 2.10587e+09 2.08756e+09 2.10242e+09 2.09967e+09 2.55824e+09
 20 7.61795e+09 7.63026e+09 7.5017e+09 7.65127e+09 7.61345e+09 7.54349e+09 7.60274e+09 7.59496e+09 9.79264e+09
 30 1.53314e+10 1.53582e+10 1.50905e+10 1.53957e+10 1.52897e+10 1.51502e+10 1.52785e+10 1.52711e+10 2.09382e+10
 40 2.4316e+10 2.43695e+10 2.39241e+10 2.44073e+10 2.41806e+10 2.39733e+10 2.41871e+10 2.41935e+10 3.53238e+10
 50 3.39739e+10 3.40691e+10 3.34058e+10 3.40776e+10 3.36723e+10 3.34201e+10 3.37233e+10 3.37605e+10 5.24255e+10
 60 4.3901e+10 4.4051e+10 4.31296e+10 4.39929e+10 4.33514e+10 4.30941e+10 4.34795e+10 4.35652e+10 7.17958e+10
 70 5.38569e+10 5.40713e+10 5.28525e+10 5.39048e+10 5.29714e+10 5.27586e+10 5.32116e+10 5.33644e+10 9.30628e+10
 80 6.38194e+10 6.41012e+10 6.25445e+10 6.37752e+10 6.25033e+10 6.23782e+10 6.28856e+10 6.31267e+10 1.15944e+11
 90 7.39045e+10 7.42516e+10 7.23167e+10 7.37142e+10 7.20739e+10 7.20567e+10 7.2615e+10 7.29654e+10 1.40234e+11
 100 8.43047e+10 8.4708e+10 8.23596e+10 8.39243e+10 8.18974e+10 8.19859e+10 8.26025e+10 8.30778e+10 1.65808e+11
 110 9.52568e+10 9.57051e+10 9.29107e+10 9.4661e+10 9.22251e+10 9.24122e+10 9.30994e+10 9.37093e+10 1.92618e+11
 120 1.06971e+11 1.07458e+11 1.04184e+11 1.06158e+11 1.03282e+11 1.03559e+11 1.04333e+11 1.05082e+11 2.20646e+11
 130 1.19578e+11 1.20101e+11 1.16316e+11 1.1856e+11 1.15211e+11 1.15568e+11 1.16447e+11 1.17334e+11 2.49859e+11
 140 1.33115e+11 1.3367e+11 1.29356e+11 1.3191e+11 1.28055e+11 1.28485e+11 1.29483e+11 1.30509e+11 2.80199e+11
 150 1.4753e+11 1.48123e+11 1.43259e+11 1.46161e+11 1.41757e+11 1.42266e+11 1.43394e+11 1.44558e+11 3.11585e+11
 160 1.62702e+11 1.63351e+11 1.57907e+11 1.6119e+11 1.56189e+11 1.56791e+11 1.58057e+11 1.59362e+11 3.43916e+11
 170 1.78495e+11 1.79222e+11 1.73165e+11 1.76841e+11 1.71202e+11 1.71913e+11 1.73319e+11 1.74775e+11 3.77093e+11
 180 1.94789e+11 1.95614e+11 1.88924e+11 1.92976e+11 1.86658e+11 1.875e+11 1.89045e+11 1.9067e+11 4.11026e+11
 190 2.115e+11 2.12439e+11 2.05105e+11 2.0949e+11 2.02456e+11 2.03454e+11 2.05133e+11 2.06952e+11 4.45643e+11
 200 2.28586e+11 2.29644e+11 2.21662e+11 2.26327e+11 2.18536e+11 2.19717e+11 2.21527e+11 2.23568e+11 4.80892e+11
 200 2.27215e+11 2.31027e+11 2.24051e+11 2.25902e+11 2.20347e+11 2.20526e+11 2.22258e+11 2.24327e+11 4.84097e+11
 400 6.56778e+11 6.58928e+11 6.354e+11 6.41193e+11 6.15985e+11 6.20795e+11 6.25991e+11 6.35742e+11 1.31616e+12
 600 1.22682e+12 1.22399e+12 1.17548e+12 1.18939e+12 1.13529e+12 1.15356e+12 1.15942e+12 1.17915e+12 2.40112e+12
 800 1.91302e+12 1.89562e+12 1.82105e+12 1.84589e+12 1.75239e+12 1.78867e+12 1.79565e+12 1.82801e+12 3.71664e+12
 1000 2.69081e+12 2.6548e+12 2.55607e+12 2.58868e+12 2.45184e+12 2.51049e+12 2.517e+12 2.56376e+12 5.21231e+12
 1200 3.54609e+12 3.48869e+12 3.36195e+12 3.40206e+12 3.21656e+12 3.3008e+12 3.30647e+12 3.37012e+12 6.85569e+12
 1400 4.46712e+12 4.37993e+12 4.21697e+12 4.27493e+12 4.04021e+12 4.15401e+12 4.15638e+12 4.2357e+12 8.64007e+12
 1600 5.44513e+12 5.32093e+12 5.11312e+12 5.20195e+12 4.91531e+12 5.06224e+12 5.05983e+12 5.15312e+12 1.05548e+13
 1800 6.46817e+12 6.3054e+12 6.04568e+12 6.17399e+12 5.8375e+12 6.00255e+12 6.00468e+12 6.11204e+12 1.25846e+13
 2000 7.53008e+12 7.33391e+12 7.01514e+12 7.18624e+12 6.79663e+12 6.97258e+12 6.98515e+12 7.10831e+12 1.47386e+13
 2200 8.62418e+12 8.39721e+12 8.01787e+12 8.2252e+12 7.79015e+12 7.97089e+12 7.99541e+12 8.13581e+12 1.69983e+13
 2400 9.74152e+12 9.48872e+12 9.04728e+12 9.29155e+12 8.81661e+12 8.99279e+12 9.03365e+12 9.19053e+12 1.93402e+13
 2600 1.08881e+13 1.06042e+13 1.00981e+13 1.03799e+13 9.86608e+12 1.00424e+13 1.00961e+13 1.02697e+13 2.17645e+13
 2800 1.20551e+13 1.17385e+13 1.11649e+13 1.1478e+13 1.09326e+13 1.11231e+13 1.11779e+13 1.13679e+13 2.42469e+13
 3000 1.32337e+13 1.28879e+13 1.2238e+13 1.25787e+13 1.20178e+13 1.22287e+13 1.22751e+13 1.24797e+13 2.67722e+13
 3200 1.44276e+13 1.40487e+13 1.33118e+13 1.36791e+13 1.3119e+13 1.33538e+13 1.3384e+13 1.36021e+13 2.93229e+13
 3400 1.56357e+13 1.5224e+13 1.43928e+13 1.47825e+13 1.42373e+13 1.44928e+13 1.45042e+13 1.47362e+13 3.19223e+13
 3600 1.68579e+13 1.64103e+13 1.54781e+13 1.58811e+13 1.53697e+13 1.56576e+13 1.56361e+13 1.58812e+13 3.45569e+13
 3800 1.81007e+13 1.76134e+13 1.65681e+13 1.69807e+13 1.65171e+13 1.68365e+13 1.67781e+13 1.70378e+13 3.72303e+13
 4000 1.93459e+13 1.88188e+13 1.76668e+13 1.8077e+13 1.76787e+13 1.80311e+13 1.79289e+13 1.82016e+13 3.99219e+13
 4000 1.95097e+13 1.83261e+13 1.65305e+13 1.68977e+13 1.7708e+13 1.80697e+13 1.75585e+13 1.77839e+13 4.0174e+13
 8000 4.44897e+13 4.11987e+13 3.83724e+13 4.00952e+13 4.39613e+13 4.46901e+13 4.29155e+13 4.22908e+13 9.81984e+13
 12000 6.88519e+13 6.57686e+13 6.18443e+13 6.30675e+13 7.57876e+13 7.29051e+13 7.05867e+13 6.85473e+13 1.51146e+14
 16000 9.06929e+13 8.75775e+13 8.47319e+13 8.53475e+13 1.09257e+14 1.0148e+14 9.86949e+13 9.42839e+13 2.04457e+14
 20000 1.09524e+14 1.06968e+14 1.04854e+14 1.07292e+14 1.43152e+14 1.30805e+14 1.27083e+14 1.19096e+14 2.56873e+14
 24000 1.25758e+14 1.21693e+14 1.21362e+14 1.32736e+14 1.75562e+14 1.61564e+14 1.5662e+14 1.43147e+14 3.02243e+14
 28000 1.43559e+14 1.36286e+14 1.38366e+14 1.58284e+14 2.09468e+14 1.93267e+14 1.87006e+14 1.67965e+14 3.48038e+14
 32000 1.64465e+14 1.47257e+14 1.53873e+14 1.82791e+14 2.42191e+14 2.28185e+14 2.17722e+14 1.92713e+14 4.01091e+14
 36000 1.86832e+14 1.58029e+14 1.71539e+14 2.05085e+14 2.73392e+14 2.63921e+14 2.47466e+14 2.17333e+14 4.53509e+14
 40000 2.05798e+14 1.72301e+14 1.90106e+14 2.27509e+14 3.04235e+14 3.01227e+14 2.77657e+14 2.42355e+14 5.03414e+14
 44000 2.20531e+14 1.86274e+14 2.06929e+14 2.51465e+14 3.3768e+14 3.40732e+14 3.09959e+14 2.67806e+14 5.49755e+14
 48000 2.30265e+14 1.9887e+14 2.22494e+14 2.74495e+14 3.70014e+14 3.80883e+14 3.41797e+14 2.91962e+14 5.90817e+14
 52000 2.37534e+14 2.12351e+14 2.39414e+14 2.9836e+14 4.0434e+14 4.22735e+14 3.75145e+14 3.16993e+14 6.2449e+14
 56000 2.45625e+14 2.25531e+14 2.55638e+14 3.21566e+14 4.41273e+14 4.65052e+14 4.09297e+14 3.42484e+14 6.6011e+14
 60000 2.57121e+14 2.37729e+14 2.7505e+14 3.4238e+14 4.78773e+14 5.07731e+14 4.42961e+14 3.6843e+14 6.95396e+14
 64000 2.66749e+14 2.4327e+14 2.92982e+14 3.63071e+14 5.18499e+14 5.51917e+14 4.77829e+14 3.93764e+14 7.26388e+14
 68000 2.71963e+14 2.46984e+14 3.08023e+14 3.81473e+14 5.58619e+14 5.9876e+14 5.12951e+14 4.18033e+14 7.53097e+14
 72000 2.77502e+14 2.48606e+14 3.25185e+14 3.96736e+14 5.96486e+14 6.45127e+14 5.46117e+14 4.41176e+14 7.80569e+14
 76000 2.78287e+14 2.49194e+14 3.44022e+14 4.09498e+14 6.32261e+14 6.89459e+14 5.77073e+14 4.62444e+14 8.09133e+14
 80000 2.79555e+14 2.51133e+14 3.61599e+14 4.23181e+14 6.67159e+14 7.33273e+14 6.07871e+14 4.83694e+14 8.4042e+14
 80000 3.30499e+14 1.97634e+14 2.86338e+14 3.58871e+14 6.03453e+14 7.70952e+14 5.77759e+14 4.55251e+14 9.01048e+14
 160000 5.45469e+14 3.97013e+14 6.2637e+14 9.37782e+14 1.35696e+15 2.17879e+15 1.49118e+15 1.10389e+15 1.55169e+15
 240000 5.64081e+14 6.73953e+14 8.47929e+14 1.75627e+15 1.61317e+15 3.95307e+15 2.44084e+15 1.74263e+15 1.59266e+15
 320000 6.39072e+14 9.83286e+14 9.8137e+14 2.66984e+15 1.78266e+15 6.83546e+15 3.76265e+15 2.60476e+15 1.6664e+15
 400000 6.70725e+14 1.32883e+15 1.03511e+15 3.63942e+15 2.50722e+15 1.03349e+16 5.49384e+15 3.70093e+15 2.20212e+15
 480000 8.91553e+14 1.62127e+15 7.23464e+14 4.74059e+15 3.38304e+15 1.4347e+16 7.49021e+15 4.92563e+15 2.79523e+15
 560000 7.91217e+14 1.73886e+15 8.02563e+14 5.83301e+15 3.41124e+15 1.94681e+16 9.57078e+15 6.18682e+15 3.22509e+15
 640000 7.71898e+14 1.74591e+15 9.20116e+14 6.82907e+15 3.01568e+15 2.34056e+16 1.10835e+16 7.10847e+15 3.26906e+15
 720000 9.00245e+14 1.99334e+15 1.06778e+15 7.86045e+15 3.42319e+15 2.62706e+16 1.25181e+16 8.03904e+15 2.85732e+15
 800000 7.01689e+14 2.39984e+15 1.33889e+15 7.8538e+15 4.74109e+15 2.90716e+16 1.38888e+16 8.92536e+15 2.93133e+15
 880000 4.34464e+14 3.00116e+15 2.09089e+15 7.49636e+15 5.56307e+15 3.26087e+16 1.52227e+16 9.87049e+15 2.018e+15
 960000 1.71843e+14 3.15965e+15 2.73937e+15 6.78702e+15 5.44147e+15 3.51779e+16 1.58021e+16 1.02907e+16 2.21029e+15
 1.04e+06 4.95356e+13 3.71493e+15 3.1937e+15 3.98668e+15 5.85798e+15 3.76254e+16 1.58234e+16 1.04218e+16 1.8811e+15
 1.12e+06 1.02604e+14 3.87127e+15 3.34936e+15 3.37346e+15 5.13601e+15 4.0958e+16 1.64892e+16 1.08699e+16 1.34225e+14
 1.2e+06 9.5143e+13 4.35263e+15 3.16072e+15 3.80175e+15 3.9743e+15 4.04812e+16 1.60858e+16 1.06659e+16 1.24144e+10
