#NOTE: MSDs should be divided by the temperature.
#NOTE: MSDs have been divided by 2 or 10 (i.e., the viscosity computed from all components).
#Time	MSD_xx	MSD_yy	MSD_zz	MSD_xy	MSD_xz	MSD_yz	MSD_off	MSD_all	MSD_bulkvisc
 10 2.08966e+09 2.09144e+09 2.08608e+09 2.07997e+09 2.08413e+09 2.07851e+09 2.08087e+09 2.08415e+09 2.59356e+09
 20 7.55482e+09 7.56226e+09 7.53708e+09 7.51659e+09 7.53263e+09 7.51583e+09 7.52168e+09 7.53356e+09 9.93259e+09
 30 1.51796e+10 1.51992e+10 1.51333e+10 1.50992e+10 1.51331e+10 1.51064e+10 1.51129e+10 1.5136e+10 2.12479e+10
 40 2.40247e+10 2.40683e+10 2.39366e+10 2.38955e+10 2.39537e+10 2.3923e+10 2.39241e+10 2.39584e+10 3.58642e+10
 50 3.34812e+10 3.35636e+10 3.33456e+10 3.33057e+10 3.33966e+10 3.33689e+10 3.33571e+10 3.33996e+10 5.3251e+10
 60 4.31368e+10 4.32705e+10 4.29544e+10 4.2927e+10 4.30581e+10 4.30438e+10 4.30097e+10 4.3054e+10 7.29544e+10
 70 5.27477e+10 5.29466e+10 5.25247e+10 5.25228e+10 5.26989e+10 5.27126e+10 5.26448e+10 5.26827e+10 9.45974e+10
 80 6.22859e+10 6.25703e+10 6.20322e+10 6.2067e+10 6.22899e+10 6.23521e+10 6.22363e+10 6.22603e+10 1.17889e+11
 90 7.18721e+10 7.22688e+10 7.15998e+10 7.16791e+10 7.19468e+10 7.20826e+10 7.19028e+10 7.19071e+10 1.42614e+11
 100 8.17159e+10 8.22559e+10 8.14358e+10 8.15624e+10 8.18733e+10 8.2106e+10 8.18472e+10 8.18293e+10 1.68643e+11
 110 9.20714e+10 9.27884e+10 9.1788e+10 9.19654e+10 9.23172e+10 9.2666e+10 9.23162e+10 9.22761e+10 1.95931e+11
 120 1.03164e+11 1.04092e+11 1.02874e+11 1.03105e+11 1.03496e+11 1.03973e+11 1.03525e+11 1.03466e+11 2.24461e+11
 130 1.15129e+11 1.16302e+11 1.14823e+11 1.15112e+11 1.15535e+11 1.16152e+11 1.156e+11 1.15527e+11 2.54205e+11
 140 1.28001e+11 1.29451e+11 1.2767e+11 1.28018e+11 1.28463e+11 1.2923e+11 1.2857e+11 1.28492e+11 2.85109e+11
 150 1.41723e+11 1.43479e+11 1.41359e+11 1.41764e+11 1.42223e+11 1.43152e+11 1.4238e+11 1.42303e+11 3.171e+11
 160 1.56179e+11 1.58263e+11 1.55775e+11 1.56229e+11 1.56696e+11 1.57802e+11 1.56909e+11 1.56841e+11 3.50085e+11
 170 1.71228e+11 1.73654e+11 1.70777e+11 1.7127e+11 1.71746e+11 1.73041e+11 1.72019e+11 1.71966e+11 3.83964e+11
 180 1.86743e+11 1.89521e+11 1.86238e+11 1.86763e+11 1.87252e+11 1.88748e+11 1.87588e+11 1.87553e+11 4.18648e+11
 190 2.02634e+11 2.05772e+11 2.02063e+11 2.02618e+11 2.0313e+11 2.04832e+11 2.03527e+11 2.03512e+11 4.54062e+11
 200 2.18853e+11 2.22357e+11 2.18197e+11 2.18784e+11 2.19333e+11 2.21245e+11 2.19787e+11 2.19793e+11 4.90158e+11
 200 2.18834e+11 2.21513e+11 2.18857e+11 2.18802e+11 2.19121e+11 2.20538e+11 2.19487e+11 2.19586e+11 4.88916e+11
 400 6.20188e+11 6.34755e+11 6.16263e+11 6.17171e+11 6.18359e+11 6.24992e+11 6.20174e+11 6.21599e+11 1.3522e+12
 600 1.15024e+12 1.183e+12 1.13713e+12 1.13987e+12 1.14884e+12 1.15679e+12 1.1485e+12 1.15181e+12 2.48875e+12
 800 1.78164e+12 1.83917e+12 1.75843e+12 1.76055e+12 1.77873e+12 1.79061e+12 1.77663e+12 1.78321e+12 3.87284e+12
 1000 2.49852e+12 2.58738e+12 2.46197e+12 2.46065e+12 2.4901e+12 2.50711e+12 2.48595e+12 2.49795e+12 5.43854e+12
 1200 3.2848e+12 3.41032e+12 3.23268e+12 3.22594e+12 3.26755e+12 3.29192e+12 3.26181e+12 3.28079e+12 7.1571e+12
 1400 4.12872e+12 4.29724e+12 4.06089e+12 4.04618e+12 4.10178e+12 4.13421e+12 4.09406e+12 4.12135e+12 9.01225e+12
 1600 5.02149e+12 5.24173e+12 4.9384e+12 4.91562e+12 4.98336e+12 5.02647e+12 4.97515e+12 5.01197e+12 1.09816e+13
 1800 5.96031e+12 6.23386e+12 5.86021e+12 5.82372e+12 5.91048e+12 5.96363e+12 5.89928e+12 5.94682e+12 1.30477e+13
 2000 6.94087e+12 7.26683e+12 6.81865e+12 6.77003e+12 6.87672e+12 6.93856e+12 6.86177e+12 6.92057e+12 1.5208e+13
 2200 7.96192e+12 8.33861e+12 7.81165e+12 7.75003e+12 7.87848e+12 7.94754e+12 7.85868e+12 7.93017e+12 1.74461e+13
 2400 9.02211e+12 9.44825e+12 8.83809e+12 8.76015e+12 8.9106e+12 8.9881e+12 8.88628e+12 8.9729e+12 1.97562e+13
 2600 1.01118e+13 1.05874e+13 9.89235e+12 9.79715e+12 9.96773e+12 1.00539e+13 9.93959e+12 1.00426e+13 2.21307e+13
 2800 1.12305e+13 1.17562e+13 1.09739e+13 1.08578e+13 1.10496e+13 1.1145e+13 1.10175e+13 1.11386e+13 2.45599e+13
 3000 1.23735e+13 1.29505e+13 1.208e+13 1.194e+13 1.21567e+13 1.22551e+13 1.21173e+13 1.22576e+13 2.70426e+13
 3200 1.35421e+13 1.41716e+13 1.32082e+13 1.30382e+13 1.32857e+13 1.33804e+13 1.32348e+13 1.33971e+13 2.95759e+13
 3400 1.47308e+13 1.54176e+13 1.43547e+13 1.41481e+13 1.4435e+13 1.45255e+13 1.43695e+13 1.45555e+13 3.21544e+13
 3600 1.59383e+13 1.66835e+13 1.55178e+13 1.52682e+13 1.56035e+13 1.56891e+13 1.55203e+13 1.57308e+13 3.47741e+13
 3800 1.71651e+13 1.79677e+13 1.66952e+13 1.63941e+13 1.67894e+13 1.68654e+13 1.6683e+13 1.69202e+13 3.7444e+13
 4000 1.84077e+13 1.92693e+13 1.78856e+13 1.75263e+13 1.79889e+13 1.80514e+13 1.78555e+13 1.81217e+13 4.01656e+13
 4000 1.84906e+13 1.91545e+13 1.83979e+13 1.75821e+13 1.79974e+13 1.79335e+13 1.78377e+13 1.8175e+13 4.03931e+13
 8000 4.52677e+13 4.71818e+13 4.34502e+13 4.16459e+13 4.43767e+13 4.22877e+13 4.27701e+13 4.3782e+13 1.009e+14
 12000 7.48644e+13 7.59453e+13 7.20191e+13 6.76682e+13 7.20962e+13 6.72177e+13 6.8994e+13 7.11069e+13 1.67189e+14
 16000 1.04132e+14 1.04996e+14 1.01621e+14 9.44666e+13 1.01039e+14 9.13582e+13 9.56213e+13 9.8806e+13 2.35303e+14
 20000 1.34089e+14 1.34042e+14 1.3065e+14 1.22483e+14 1.29789e+14 1.15435e+14 1.22569e+14 1.26712e+14 3.05765e+14
 24000 1.62885e+14 1.63528e+14 1.58699e+14 1.51423e+14 1.58744e+14 1.38826e+14 1.49664e+14 1.5448e+14 3.75896e+14
 28000 1.896e+14 1.92748e+14 1.87459e+14 1.8143e+14 1.87316e+14 1.62211e+14 1.76986e+14 1.82166e+14 4.4919e+14
 32000 2.1707e+14 2.22263e+14 2.18002e+14 2.13455e+14 2.1442e+14 1.8502e+14 2.04298e+14 2.10224e+14 5.25e+14
 36000 2.4643e+14 2.52754e+14 2.50287e+14 2.46147e+14 2.40188e+14 2.05802e+14 2.30712e+14 2.38357e+14 6.00678e+14
 40000 2.76871e+14 2.8457e+14 2.83814e+14 2.80144e+14 2.65459e+14 2.27056e+14 2.57553e+14 2.67233e+14 6.71798e+14
 44000 3.06413e+14 3.16219e+14 3.17876e+14 3.14531e+14 2.88599e+14 2.49457e+14 2.84196e+14 2.95918e+14 7.36434e+14
 48000 3.37124e+14 3.47897e+14 3.52649e+14 3.48926e+14 3.10379e+14 2.71707e+14 3.10338e+14 3.24559e+14 8.00895e+14
 52000 3.68437e+14 3.79012e+14 3.86963e+14 3.82636e+14 3.3345e+14 2.93493e+14 3.36526e+14 3.53171e+14 8.64416e+14
 56000 4.01791e+14 4.11766e+14 4.21937e+14 4.15395e+14 3.572e+14 3.13837e+14 3.62144e+14 3.82019e+14 9.27429e+14
 60000 4.35862e+14 4.45453e+14 4.57616e+14 4.47728e+14 3.82628e+14 3.33859e+14 3.88072e+14 4.11367e+14 9.8866e+14
 64000 4.71528e+14 4.79408e+14 4.93113e+14 4.79267e+14 4.08033e+14 3.55975e+14 4.14425e+14 4.41195e+14 1.05e+15
 68000 5.07345e+14 5.16207e+14 5.30242e+14 5.10251e+14 4.34688e+14 3.78742e+14 4.41227e+14 4.71909e+14 1.11455e+15
 72000 5.41787e+14 5.5446e+14 5.66452e+14 5.4081e+14 4.63414e+14 4.00962e+14 4.68395e+14 5.0273e+14 1.18155e+15
 76000 5.7368e+14 5.92843e+14 6.02201e+14 5.71773e+14 4.93865e+14 4.21914e+14 4.9585e+14 5.3334e+14 1.25055e+15
 80000 6.04861e+14 6.30493e+14 6.36963e+14 6.03406e+14 5.25616e+14 4.42486e+14 5.23836e+14 5.63944e+14 1.32472e+15
 80000 6.63301e+14 5.74703e+14 6.62197e+14 6.32393e+14 5.14133e+14 4.12251e+14 5.19592e+14 5.65116e+14 1.13155e+15
 160000 1.13143e+15 1.2995e+15 1.28868e+15 1.29318e+15 1.13651e+15 7.47964e+14 1.05922e+15 1.13148e+15 2.81388e+15
 240000 1.74154e+15 2.43403e+15 1.95834e+15 2.10325e+15 1.71778e+15 1.07807e+15 1.63303e+15 1.79767e+15 3.96241e+15
 320000 2.57016e+15 3.6365e+15 2.65049e+15 2.83401e+15 2.16347e+15 1.54785e+15 2.18178e+15 2.49002e+15 5.08982e+15
 400000 3.37012e+15 5.08357e+15 3.10143e+15 3.6004e+15 2.41604e+15 1.97509e+15 2.66384e+15 3.13899e+15 6.67884e+15
 480000 4.22919e+15 6.70031e+15 3.7058e+15 4.29803e+15 2.58771e+15 2.11702e+15 3.00092e+15 3.75193e+15 8.62493e+15
 560000 5.35735e+15 8.47595e+15 4.53139e+15 5.11684e+15 2.64437e+15 2.41505e+15 3.39209e+15 4.48388e+15 1.02889e+16
 640000 6.55238e+15 1.04857e+16 5.08788e+15 5.8471e+15 2.73018e+15 2.74019e+15 3.77249e+15 5.21362e+15 1.17582e+16
 720000 7.97898e+15 1.27132e+16 5.65788e+15 6.57709e+15 2.93397e+15 2.91301e+15 4.14136e+15 5.99815e+15 1.31338e+16
 800000 9.71473e+15 1.51601e+16 6.45803e+15 7.32185e+15 3.33705e+15 3.16135e+15 4.60675e+15 6.94176e+15 1.43233e+16
 880000 1.13596e+16 1.80189e+16 6.98105e+15 8.08635e+15 3.76112e+15 3.47484e+15 5.10744e+15 7.91241e+15 1.56034e+16
 960000 1.33661e+16 2.13054e+16 7.7335e+15 8.78578e+15 4.08799e+15 3.44471e+15 5.43949e+15 8.91769e+15 1.68519e+16
 1.04e+06 1.52807e+16 2.51284e+16 8.48791e+15 9.4108e+15 4.40899e+15 3.45656e+15 5.75878e+15 9.97486e+15 1.75554e+16
 1.12e+06 1.73376e+16 2.92069e+16 9.20283e+15 1.01184e+16 4.67258e+15 3.65646e+15 6.14914e+15 1.11225e+16 1.83559e+16
 1.2e+06 1.97073e+16 3.35959e+16 9.96432e+15 1.04792e+16 4.90613e+15 3.69395e+15 6.35977e+15 1.22515e+16 1.99232e+16
 1.28e+06 2.21143e+16 3.82154e+16 1.06788e+16 1.08179e+16 5.02007e+15 3.75736e+15 6.53177e+15 1.33869e+16 2.12872e+16
 1.36e+06 2.42762e+16 4.29475e+16 1.08116e+16 1.11767e+16 5.10212e+15 3.98047e+15 6.75309e+15 1.44566e+16 2.23418e+16
 1.44e+06 2.6611e+16 4.79558e+16 1.11329e+16 1.16179e+16 5.28092e+15 4.10449e+15 7.00109e+15 1.56273e+16 2.37631e+16
 1.52e+06 2.90748e+16 5.33728e+16 1.18526e+16 1.2074e+16 5.53597e+15 3.97981e+15 7.19659e+15 1.68913e+16 2.59925e+16
 1.6e+06 3.15416e+16 5.92711e+16 1.24904e+16 1.29001e+16 5.80831e+15 4.09599e+15 7.60148e+15 1.83346e+16 2.8743e+16
 1.6e+06 3.64882e+16 6.12659e+16 1.28369e+16 2.06886e+16 4.31859e+15 3.16134e+15 9.38952e+15 2.03792e+16 3.93553e+16
 3.2e+06 8.83521e+16 1.58986e+17 1.62417e+16 1.26671e+16 8.61491e+15 1.18725e+16 1.10515e+16 4.17749e+16 6.38053e+16
 4.8e+06 2.23036e+17 2.34162e+17 1.35394e+14 5.19055e+16 5.96174e+15 1.56692e+16 2.45121e+16 7.56851e+16 2.33979e+16
