#NOTE: MSDs should be divided by the temperature.
#NOTE: MSDs have been divided by 2 or 10 (i.e., the viscosity computed from all components).
#Time	MSD_xx	MSD_yy	MSD_zz	MSD_xy	MSD_xz	MSD_yz	MSD_off	MSD_all	MSD_bulkvisc
 10 2.10733e+09 2.10304e+09 2.08456e+09 2.11242e+09 2.09472e+09 2.09237e+09 2.09984e+09 2.09923e+09 2.58348e+09
 20 7.62821e+09 7.61107e+09 7.54197e+09 7.64488e+09 7.57132e+09 7.5654e+09 7.59387e+09 7.59382e+09 9.89405e+09
 30 1.53535e+10 1.53159e+10 1.51715e+10 1.53802e+10 1.52025e+10 1.52049e+10 1.52626e+10 1.52697e+10 2.11668e+10
 40 2.43506e+10 2.4295e+10 2.40494e+10 2.4378e+10 2.40371e+10 2.40784e+10 2.41645e+10 2.41913e+10 3.57295e+10
 50 3.40161e+10 3.39512e+10 3.35747e+10 3.40265e+10 3.34597e+10 3.35914e+10 3.36925e+10 3.37544e+10 5.30544e+10
 60 4.39414e+10 4.38748e+10 4.33408e+10 4.39081e+10 4.30562e+10 4.33439e+10 4.34361e+10 4.35493e+10 7.26904e+10
 70 5.38855e+10 5.38162e+10 5.31064e+10 5.3772e+10 5.25812e+10 5.30969e+10 5.31501e+10 5.33311e+10 9.42632e+10
 80 6.38262e+10 6.37415e+10 6.28443e+10 6.35808e+10 6.20093e+10 6.28136e+10 6.28012e+10 6.3069e+10 1.1749e+11
 90 7.38819e+10 7.3761e+10 7.26698e+10 7.34475e+10 7.14688e+10 7.25969e+10 7.25044e+10 7.28777e+10 1.42164e+11
 100 8.42504e+10 8.40659e+10 8.27781e+10 8.35792e+10 8.11729e+10 8.26391e+10 8.24638e+10 8.29575e+10 1.68164e+11
 110 9.5178e+10 9.4896e+10 9.34111e+10 9.42342e+10 9.13736e+10 9.31858e+10 9.29312e+10 9.35567e+10 1.95441e+11
 120 1.06884e+11 1.06468e+11 1.04783e+11 1.05646e+11 1.02298e+11 1.04459e+11 1.04134e+11 1.04899e+11 2.2398e+11
 130 1.195e+11 1.18919e+11 1.1703e+11 1.17961e+11 1.14089e+11 1.16598e+11 1.16216e+11 1.17123e+11 2.53751e+11
 140 1.33056e+11 1.32287e+11 1.30191e+11 1.31221e+11 1.26789e+11 1.29649e+11 1.2922e+11 1.3027e+11 2.84695e+11
 150 1.47488e+11 1.4653e+11 1.44221e+11 1.45385e+11 1.40341e+11 1.43567e+11 1.43097e+11 1.4429e+11 3.16735e+11
 160 1.62666e+11 1.61539e+11 1.59002e+11 1.60333e+11 1.54617e+11 1.58233e+11 1.57728e+11 1.59064e+11 3.49769e+11
 170 1.78443e+11 1.7718e+11 1.74401e+11 1.75913e+11 1.69465e+11 1.73502e+11 1.7296e+11 1.74446e+11 3.83699e+11
 180 1.94696e+11 1.9333e+11 1.90306e+11 1.91983e+11 1.84746e+11 1.89242e+11 1.88657e+11 1.90305e+11 4.18437e+11
 190 2.11339e+11 2.09897e+11 2.06638e+11 2.0844e+11 2.00354e+11 2.05354e+11 2.04716e+11 2.06546e+11 4.53909e+11
 200 2.28331e+11 2.26827e+11 2.2335e+11 2.25224e+11 2.16231e+11 2.2178e+11 2.21078e+11 2.23115e+11 4.90064e+11
 200 2.26954e+11 2.27591e+11 2.24665e+11 2.25341e+11 2.17932e+11 2.22809e+11 2.22027e+11 2.23778e+11 4.91736e+11
 400 6.53268e+11 6.45514e+11 6.39142e+11 6.39679e+11 6.06065e+11 6.27333e+11 6.24359e+11 6.33005e+11 1.3495e+12
 600 1.21636e+12 1.19402e+12 1.18261e+12 1.18425e+12 1.11361e+12 1.16334e+12 1.15373e+12 1.1713e+12 2.46844e+12
 800 1.89406e+12 1.84253e+12 1.83238e+12 1.83499e+12 1.71717e+12 1.8039e+12 1.78535e+12 1.81374e+12 3.82696e+12
 1000 2.66444e+12 2.57348e+12 2.57199e+12 2.57139e+12 2.40231e+12 2.53165e+12 2.50178e+12 2.54239e+12 5.37067e+12
 1200 3.51126e+12 3.37489e+12 3.38133e+12 3.37693e+12 3.1502e+12 3.32958e+12 3.28557e+12 3.34034e+12 7.07194e+12
 1400 4.42542e+12 4.23409e+12 4.24259e+12 4.23929e+12 3.95381e+12 4.1902e+12 4.12777e+12 4.19694e+12 8.92642e+12
 1600 5.39485e+12 5.14267e+12 5.14549e+12 5.14769e+12 4.80459e+12 5.10357e+12 5.01862e+12 5.10224e+12 1.09161e+13
 1800 6.40655e+12 6.09245e+12 6.0876e+12 6.09756e+12 5.70213e+12 6.05267e+12 5.95079e+12 6.04869e+12 1.30239e+13
 2000 7.45721e+12 7.08241e+12 7.06936e+12 7.08468e+12 6.63704e+12 7.03367e+12 6.91846e+12 7.03228e+12 1.52587e+13
 2200 8.54259e+12 8.10322e+12 8.08535e+12 8.09559e+12 7.60398e+12 8.0389e+12 7.91282e+12 8.04518e+12 1.7601e+13
 2400 9.65399e+12 9.14877e+12 9.1288e+12 9.13019e+12 8.60411e+12 9.06913e+12 8.93448e+12 9.08489e+12 2.00299e+13
 2600 1.07972e+13 1.0219e+13 1.01961e+13 1.01842e+13 9.62838e+12 1.01287e+13 9.98043e+12 1.01499e+13 2.25457e+13
 2800 1.19607e+13 1.13086e+13 1.12824e+13 1.12443e+13 1.06695e+13 1.12204e+13 1.10447e+13 1.12337e+13 2.51241e+13
 3000 1.31342e+13 1.24154e+13 1.23764e+13 1.23063e+13 1.1729e+13 1.23382e+13 1.21245e+13 1.23315e+13 2.77449e+13
 3200 1.43177e+13 1.35383e+13 1.34747e+13 1.33665e+13 1.28038e+13 1.34789e+13 1.32164e+13 1.34406e+13 3.03891e+13
 3400 1.55124e+13 1.46781e+13 1.45804e+13 1.44255e+13 1.38971e+13 1.46412e+13 1.43213e+13 1.45622e+13 3.30799e+13
 3600 1.67207e+13 1.58353e+13 1.56936e+13 1.54784e+13 1.50082e+13 1.58328e+13 1.54398e+13 1.56972e+13 3.58062e+13
 3800 1.79484e+13 1.70181e+13 1.68156e+13 1.65269e+13 1.6135e+13 1.70407e+13 1.65675e+13 1.68448e+13 3.85748e+13
 4000 1.91786e+13 1.82092e+13 1.79467e+13 1.75713e+13 1.72775e+13 1.82662e+13 1.7705e+13 1.80009e+13 4.13651e+13
 4000 1.88422e+13 1.78277e+13 1.67744e+13 1.66942e+13 1.72695e+13 1.83344e+13 1.74327e+13 1.75855e+13 4.18007e+13
 8000 4.38305e+13 4.13709e+13 3.99983e+13 3.8445e+13 4.28877e+13 4.66827e+13 4.26718e+13 4.22964e+13 1.04578e+14
 12000 6.75271e+13 6.7533e+13 6.45237e+13 6.00217e+13 7.30559e+13 7.7777e+13 7.02849e+13 6.87821e+13 1.66732e+14
 16000 8.92053e+13 9.20268e+13 8.80748e+13 8.08649e+13 1.04614e+14 1.10254e+14 9.85776e+13 9.50542e+13 2.29416e+14
 20000 1.08561e+14 1.15306e+14 1.1002e+14 1.01904e+14 1.37605e+14 1.43838e+14 1.27782e+14 1.21188e+14 2.92935e+14
 24000 1.26683e+14 1.34912e+14 1.29411e+14 1.2608e+14 1.70824e+14 1.78858e+14 1.58588e+14 1.47287e+14 3.52607e+14
 28000 1.45867e+14 1.55295e+14 1.49621e+14 1.50116e+14 2.05123e+14 2.15063e+14 1.90101e+14 1.74165e+14 4.12411e+14
 32000 1.67026e+14 1.73692e+14 1.69038e+14 1.73286e+14 2.37581e+14 2.54912e+14 2.21926e+14 2.01123e+14 4.77969e+14
 36000 1.88205e+14 1.91328e+14 1.90168e+14 1.95437e+14 2.68815e+14 2.98459e+14 2.54237e+14 2.28502e+14 5.42116e+14
 40000 2.06386e+14 2.09979e+14 2.10337e+14 2.1828e+14 2.99687e+14 3.44767e+14 2.87578e+14 2.56107e+14 6.08898e+14
 44000 2.20533e+14 2.27296e+14 2.27788e+14 2.42183e+14 3.33197e+14 3.9492e+14 3.23433e+14 2.84142e+14 6.73376e+14
 48000 2.30578e+14 2.44245e+14 2.43598e+14 2.6696e+14 3.65237e+14 4.47239e+14 3.59812e+14 3.11677e+14 7.36709e+14
 52000 2.38919e+14 2.63239e+14 2.59983e+14 2.93661e+14 3.98121e+14 5.01727e+14 3.97836e+14 3.40321e+14 7.94592e+14
 56000 2.49142e+14 2.83322e+14 2.74883e+14 3.19109e+14 4.34514e+14 5.56091e+14 4.36572e+14 3.69589e+14 8.52346e+14
 60000 2.63003e+14 3.03293e+14 2.91176e+14 3.43343e+14 4.6992e+14 6.09876e+14 4.7438e+14 3.98958e+14 9.10811e+14
 64000 2.76393e+14 3.18766e+14 3.06574e+14 3.66967e+14 5.06845e+14 6.66149e+14 5.1332e+14 4.28223e+14 9.68082e+14
 68000 2.86195e+14 3.3331e+14 3.21206e+14 3.87867e+14 5.42862e+14 7.26096e+14 5.52275e+14 4.56793e+14 1.01809e+15
 72000 2.93723e+14 3.45364e+14 3.36896e+14 4.05717e+14 5.76196e+14 7.86635e+14 5.89516e+14 4.8384e+14 1.06254e+15
 76000 2.97976e+14 3.5663e+14 3.52435e+14 4.20805e+14 6.07272e+14 8.45418e+14 6.24498e+14 5.08971e+14 1.09775e+15
 80000 3.03981e+14 3.68152e+14 3.66139e+14 4.35413e+14 6.38185e+14 9.03412e+14 6.59003e+14 5.33838e+14 1.13325e+15
 80000 4.01745e+14 2.51975e+14 2.77016e+14 3.79685e+14 5.5734e+14 8.6704e+14 6.01355e+14 4.84911e+14 1.07699e+15
 160000 5.29592e+14 4.8187e+14 5.79274e+14 9.34894e+14 1.24428e+15 2.43373e+15 1.53764e+15 1.13468e+15 1.5508e+15
 240000 5.32007e+14 6.84315e+14 8.019e+14 1.63334e+15 1.4831e+15 4.08232e+15 2.39959e+15 1.70885e+15 1.82749e+15
 320000 5.78608e+14 8.53614e+14 8.93625e+14 2.26452e+15 1.78445e+15 6.1032e+15 3.38406e+15 2.34055e+15 2.59172e+15
 400000 7.65806e+14 1.10427e+15 9.00157e+14 2.90551e+15 2.27566e+15 8.56494e+15 4.58204e+15 3.11859e+15 3.38982e+15
 480000 1.11268e+15 1.35673e+15 6.85263e+14 3.65736e+15 2.71971e+15 1.15258e+16 5.96762e+15 4.00119e+15 3.50743e+15
 560000 9.92766e+14 1.37552e+15 7.37554e+14 4.38409e+15 3.12052e+15 1.51695e+16 7.55802e+15 4.94892e+15 3.52386e+15
 640000 7.72542e+14 1.39295e+15 7.5049e+14 5.14956e+15 3.52388e+15 1.76959e+16 8.78978e+15 5.66267e+15 3.78057e+15
 720000 7.50059e+14 1.62514e+15 7.65218e+14 6.03381e+15 3.82565e+15 1.94387e+16 9.76606e+15 6.27836e+15 4.1042e+15
 800000 8.78187e+14 1.83662e+15 1.06367e+15 6.66605e+15 4.24502e+15 2.22084e+16 1.10398e+16 7.12769e+15 3.78279e+15
 880000 7.2148e+14 2.00803e+15 1.51137e+15 7.1258e+15 4.18054e+15 2.60622e+16 1.24562e+16 8.03915e+15 1.9564e+15
 960000 1.62434e+14 1.90572e+15 1.73874e+15 7.73504e+15 4.60053e+15 3.0377e+16 1.42375e+16 9.0501e+15 1.88002e+15
 1.04e+06 2.3121e+14 2.16524e+15 2.02896e+15 7.63819e+15 5.03195e+15 3.44234e+16 1.56978e+16 1.00088e+16 2.84153e+15
 1.12e+06 3.49889e+14 2.38716e+15 2.06324e+15 8.26423e+15 4.71186e+15 3.959e+16 1.7522e+16 1.11533e+16 2.33143e+15
 1.2e+06 1.72945e+14 2.04815e+15 1.71868e+15 8.67827e+15 3.15436e+15 4.82019e+16 2.00115e+16 1.25322e+16 4.14735e+15
 1.28e+06 6.53614e+14 1.88149e+15 1.12779e+15 8.81222e+15 2.69978e+15 6.33724e+16 2.49615e+16 1.54653e+16 6.44437e+15
 1.36e+06 2.41118e+14 1.30586e+15 9.8924e+14 9.08114e+15 1.28613e+15 8.12607e+16 3.05427e+16 1.86638e+16 7.83421e+15
 1.44e+06 1.30804e+15 3.44077e+15 5.05859e+14 1.0526e+16 1.03297e+15 7.89199e+16 3.01596e+16 1.87964e+16 4.54605e+15
