#NOTE: MSDs should be divided by (temperature^2).
#NOTE: MSDs have been divided by 2.
#Time	MSD_x	MSD_y	MSD_z	MSD_all
 10 19939.8 44234.7 76711.2 46961.9
 20 79684.1 126238 220719 142213
 30 179184 188126 331308 232873
 40 318437 234771 418180 323796
 50 497454 293576 529909 440313
 60 716227 370648 675949 587608
 70 974739 462634 849323 762232
 80 1.27298e+06 571258 1.05347e+06 965902
 90 1.61093e+06 695904 1.28743e+06 1.19809e+06
 100 1.98859e+06 832349 1.54325e+06 1.45473e+06
 110 2.40595e+06 979776 1.81966e+06 1.73513e+06
 120 2.86299e+06 1.13972e+06 2.12021e+06 2.04097e+06
 130 3.3597e+06 1.3124e+06 2.44581e+06 2.37264e+06
 140 3.89608e+06 1.49787e+06 2.79607e+06 2.73001e+06
 150 4.47212e+06 1.6968e+06 3.17147e+06 3.11346e+06
 160 5.0878e+06 1.90913e+06 3.57175e+06 3.52289e+06
 170 5.74313e+06 2.13416e+06 3.99597e+06 3.95775e+06
 180 6.43808e+06 2.37192e+06 4.44415e+06 4.41805e+06
 190 7.17266e+06 2.62269e+06 4.91683e+06 4.90406e+06
 200 7.94685e+06 2.88619e+06 5.41398e+06 5.41568e+06
 200 7.94685e+06 2.88592e+06 5.41516e+06 5.41598e+06
 400 3.17446e+07 1.08643e+07 2.05119e+07 2.10403e+07
 600 7.13829e+07 2.40184e+07 4.54481e+07 4.69498e+07
 800 1.26876e+08 4.23564e+07 8.02155e+07 8.31494e+07
 1000 1.98216e+08 6.58552e+07 1.24794e+08 1.29622e+08
 1200 2.85395e+08 9.45082e+07 1.79164e+08 1.86356e+08
 1400 3.88418e+08 1.28307e+08 2.43298e+08 2.53341e+08
 1600 5.07282e+08 1.67243e+08 3.17179e+08 3.30568e+08
 1800 6.41983e+08 2.11311e+08 4.00787e+08 4.18027e+08
 2000 7.9252e+08 2.60503e+08 4.94118e+08 5.15714e+08
 2200 9.58893e+08 3.1481e+08 5.97144e+08 6.23616e+08
 2400 1.1411e+09 3.74219e+08 7.09852e+08 7.41724e+08
 2600 1.33914e+09 4.38734e+08 8.32234e+08 8.70036e+08
 2800 1.55301e+09 5.0834e+08 9.64267e+08 1.00854e+09
 3000 1.78272e+09 5.83032e+08 1.10594e+09 1.15723e+09
 3200 2.02825e+09 6.62802e+08 1.25723e+09 1.31609e+09
 3400 2.28961e+09 7.47643e+08 1.41812e+09 1.48513e+09
 3600 2.5668e+09 8.37547e+08 1.58862e+09 1.66432e+09
 3800 2.85982e+09 9.32499e+08 1.7687e+09 1.85367e+09
 4000 3.16866e+09 1.0325e+09 1.95835e+09 2.05317e+09
 4000 3.16839e+09 1.032e+09 1.95571e+09 2.05203e+09
 8000 1.26661e+10 4.08303e+09 7.73652e+09 8.16189e+09
 12000 2.84861e+10 9.10753e+09 1.7261e+10 1.82849e+10
 16000 5.06235e+10 1.60656e+10 3.04686e+10 3.23859e+10
 20000 7.90747e+10 2.49232e+10 4.7315e+10 5.04376e+10
 24000 1.13836e+11 3.56573e+10 6.77513e+10 7.24149e+10
 28000 1.54904e+11 4.82458e+10 9.17441e+10 9.82979e+10
 32000 2.02275e+11 6.26671e+10 1.19268e+11 1.2807e+11
 36000 2.55947e+11 7.89036e+10 1.50292e+11 1.61714e+11
 40000 3.1592e+11 9.69414e+10 1.8478e+11 1.99214e+11
 44000 3.82192e+11 1.16772e+11 2.22702e+11 2.40555e+11
 48000 4.54766e+11 1.38386e+11 2.64042e+11 2.85731e+11
 52000 5.33643e+11 1.6177e+11 3.08785e+11 3.34733e+11
 56000 6.1882e+11 1.86915e+11 3.56919e+11 3.87551e+11
 60000 7.10296e+11 2.13807e+11 4.08434e+11 4.44179e+11
 64000 8.08075e+11 2.42436e+11 4.63335e+11 5.04615e+11
 68000 9.1216e+11 2.72794e+11 5.21624e+11 5.68859e+11
 72000 1.02255e+12 3.04875e+11 5.83307e+11 6.36911e+11
 76000 1.13925e+12 3.38675e+11 6.48386e+11 7.0877e+11
 80000 1.26225e+12 3.74198e+11 7.16868e+11 7.8444e+11
 80000 1.25963e+12 3.72936e+11 7.08523e+11 7.80364e+11
 160000 5.03903e+12 1.43755e+12 2.75436e+12 3.07698e+12
 240000 1.13525e+13 3.17691e+12 6.09015e+12 6.8732e+12
 320000 2.01955e+13 5.58471e+12 1.06933e+13 1.21578e+13
 400000 3.15548e+13 8.6458e+12 1.65748e+13 1.89251e+13
 480000 4.54753e+13 1.23616e+13 2.37427e+13 2.71932e+13
 560000 6.19721e+13 1.66927e+13 3.22257e+13 3.69635e+13
 640000 8.10316e+13 2.15896e+13 4.20293e+13 4.82168e+13
 720000 1.02706e+14 2.70433e+13 5.32151e+13 6.09881e+13
 800000 1.26971e+14 3.30794e+13 6.57885e+13 7.52797e+13
 880000 1.53902e+14 3.96431e+13 7.97575e+13 9.11007e+13
 960000 1.83523e+14 4.66736e+13 9.51742e+13 1.08457e+14
 1.04e+06 2.15862e+14 5.41153e+13 1.12131e+14 1.2737e+14
 1.12e+06 2.50958e+14 6.1881e+13 1.30646e+14 1.47828e+14
 1.2e+06 2.88814e+14 6.99916e+13 1.50735e+14 1.69847e+14
 1.28e+06 3.29375e+14 7.83021e+13 1.72342e+14 1.9334e+14
 1.36e+06 3.72699e+14 8.687e+13 1.95551e+14 2.18373e+14
 1.44e+06 4.1882e+14 9.55936e+13 2.20249e+14 2.44887e+14
 1.52e+06 4.67749e+14 1.0475e+14 2.4656e+14 2.7302e+14
 1.6e+06 5.19618e+14 1.14229e+14 2.74392e+14 3.02746e+14
 1.6e+06 5.11543e+14 9.38404e+13 2.33683e+14 2.79689e+14
 3.2e+06 2.13162e+15 3.60412e+14 1.00185e+15 1.16462e+15
 4.8e+06 4.57955e+15 8.34326e+14 1.84065e+15 2.41818e+15
