#NOTE: MSDs should be divided by (temperature^2).
#NOTE: MSDs have been divided by 2.
#Time	MSD_x	MSD_y	MSD_z	MSD_all
 10 19461.9 45042 75397.9 46633.9
 20 77772.9 129361 215443 140859
 30 174885 195436 319410 229910
 40 310795 248262 396896 318651
 50 485514 315082 496459 432352
 60 699036 401912 627619 576189
 70 951343 505398 783468 746736
 80 1.24242e+06 627357 967454 945744
 90 1.57227e+06 767149 1.17852e+06 1.17265e+06
 100 1.94086e+06 920451 1.40873e+06 1.42335e+06
 110 2.3482e+06 1.08642e+06 1.65682e+06 1.69714e+06
 120 2.79427e+06 1.26671e+06 1.9264e+06 1.99579e+06
 130 3.27906e+06 1.46162e+06 2.21832e+06 2.31967e+06
 140 3.80257e+06 1.67115e+06 2.53219e+06 2.66864e+06
 150 4.36478e+06 1.89585e+06 2.86856e+06 3.04306e+06
 160 4.96569e+06 2.13573e+06 3.22726e+06 3.44289e+06
 170 5.60529e+06 2.39018e+06 3.60737e+06 3.86761e+06
 180 6.28356e+06 2.65914e+06 4.00884e+06 4.31718e+06
 190 7.00051e+06 2.94279e+06 4.43209e+06 4.7918e+06
 200 7.75612e+06 3.24097e+06 4.87699e+06 5.29136e+06
 200 7.75606e+06 3.24056e+06 4.87906e+06 5.29189e+06
 400 3.09826e+07 1.22903e+07 1.8372e+07 2.05483e+07
 600 6.96702e+07 2.72351e+07 4.06356e+07 4.5847e+07
 800 1.23833e+08 4.80818e+07 7.16611e+07 8.11921e+07
 1000 1.93463e+08 7.48099e+07 1.11429e+08 1.26567e+08
 1200 2.78554e+08 1.07409e+08 1.59919e+08 1.81961e+08
 1400 3.7911e+08 1.45872e+08 2.17107e+08 2.47363e+08
 1600 4.95128e+08 1.9019e+08 2.82971e+08 3.22763e+08
 1800 6.26605e+08 2.40355e+08 3.57493e+08 4.08151e+08
 2000 7.73541e+08 2.96357e+08 4.40666e+08 5.03521e+08
 2200 9.35935e+08 3.58189e+08 5.32462e+08 6.08862e+08
 2400 1.11378e+09 4.25839e+08 6.3287e+08 7.24164e+08
 2600 1.30709e+09 4.99304e+08 7.41877e+08 8.49423e+08
 2800 1.51585e+09 5.78573e+08 8.59467e+08 9.8463e+08
 3000 1.74006e+09 6.63639e+08 9.85623e+08 1.12977e+09
 3200 1.97973e+09 7.54494e+08 1.12032e+09 1.28485e+09
 3400 2.23484e+09 8.5113e+08 1.26356e+09 1.44984e+09
 3600 2.50541e+09 9.53539e+08 1.41533e+09 1.62476e+09
 3800 2.79142e+09 1.0617e+09 1.57561e+09 1.80958e+09
 4000 3.09288e+09 1.17563e+09 1.74439e+09 2.0043e+09
 4000 3.09244e+09 1.17603e+09 1.74224e+09 2.00357e+09
 8000 1.23631e+10 4.65454e+09 6.88021e+09 7.96595e+09
 12000 2.7805e+10 1.03819e+10 1.53279e+10 1.78383e+10
 16000 4.9414e+10 1.83117e+10 2.70179e+10 3.15812e+10
 20000 7.71873e+10 2.84039e+10 4.18986e+10 4.91633e+10
 24000 1.11123e+11 4.06279e+10 5.99172e+10 7.05559e+10
 28000 1.51218e+11 5.49573e+10 8.10357e+10 9.57371e+10
 32000 1.97475e+11 7.13626e+10 1.05226e+11 1.24688e+11
 36000 2.49889e+11 8.98202e+10 1.32457e+11 1.57389e+11
 40000 3.08462e+11 1.10303e+11 1.62693e+11 1.9382e+11
 44000 3.73193e+11 1.32795e+11 1.95907e+11 2.33965e+11
 48000 4.44086e+11 1.57289e+11 2.32081e+11 2.77819e+11
 52000 5.21141e+11 1.83772e+11 2.71203e+11 3.25372e+11
 56000 6.04354e+11 2.12221e+11 3.13261e+11 3.76612e+11
 60000 6.93724e+11 2.42614e+11 3.58248e+11 4.31529e+11
 64000 7.89245e+11 2.74934e+11 4.0617e+11 4.90116e+11
 68000 8.90915e+11 3.09175e+11 4.57031e+11 5.52374e+11
 72000 9.98727e+11 3.45328e+11 5.10837e+11 6.18298e+11
 76000 1.11269e+12 3.83395e+11 5.67595e+11 6.87893e+11
 80000 1.23281e+12 4.23387e+11 6.27313e+11 7.6117e+11
 80000 1.23073e+12 4.23725e+11 6.24696e+11 7.59717e+11
 160000 4.92362e+12 1.61668e+12 2.41932e+12 2.98654e+12
 240000 1.10803e+13 3.55411e+12 5.33401e+12 6.65614e+12
 320000 1.96967e+13 6.16874e+12 9.33369e+12 1.1733e+13
 400000 3.07812e+13 9.45753e+12 1.44322e+13 1.82237e+13
 480000 4.43673e+13 1.34075e+13 2.06035e+13 2.61261e+13
 560000 6.04586e+13 1.79923e+13 2.78364e+13 3.54291e+13
 640000 7.90326e+13 2.32604e+13 3.61497e+13 4.61476e+13
 720000 1.00122e+14 2.91214e+13 4.55973e+13 5.82803e+13
 800000 1.23747e+14 3.55548e+13 5.61729e+13 7.18249e+13
 880000 1.49931e+14 4.24645e+13 6.78669e+13 8.6754e+13
 960000 1.7871e+14 4.98797e+13 8.07287e+13 1.03106e+14
 1.04e+06 2.10102e+14 5.78022e+13 9.48063e+13 1.20903e+14
 1.12e+06 2.4408e+14 6.62608e+13 1.10119e+14 1.40153e+14
 1.2e+06 2.80711e+14 7.51333e+13 1.26695e+14 1.60846e+14
 1.28e+06 3.1995e+14 8.44514e+13 1.44544e+14 1.82982e+14
 1.36e+06 3.61794e+14 9.42785e+13 1.63677e+14 2.06583e+14
 1.44e+06 4.06284e+14 1.04452e+14 1.83952e+14 2.31563e+14
 1.52e+06 4.53427e+14 1.1513e+14 2.05421e+14 2.57992e+14
 1.6e+06 5.03305e+14 1.26064e+14 2.28015e+14 2.85795e+14
 1.6e+06 4.90566e+14 1.14356e+14 1.77893e+14 2.60938e+14
 3.2e+06 2.03941e+15 4.01743e+14 7.9482e+14 1.07866e+15
 4.8e+06 4.58274e+15 8.98244e+14 1.68947e+15 2.39015e+15
 6.4e+06 7.80602e+15 1.77642e+15 2.12955e+15 3.904e+15
