#NOTE: MSDs should be divided by (temperature^2).
#NOTE: MSDs have been divided by 2.
#Time	MSD_x	MSD_y	MSD_z	MSD_all
 10 7930.59 16493.7 24686.8 16370.3
 20 31670.8 43538 59862.1 45023.7
 30 71180.3 59246.7 67114.9 65847.3
 40 126458 73633.9 64566.6 88219.3
 50 197518 99830.6 75607.9 124319
 60 284360 134696 94036.2 171031
 70 386967 174066 111902 224312
 80 505331 219826 132858 286005
 90 639444 271811 157169 356141
 100 789302 328100 181331 432911
 110 954894 389468 206439 516934
 120 1.13622e+06 457092 234681 609330
 130 1.33326e+06 530473 265279 709671
 140 1.54602e+06 609332 297639 817664
 150 1.77449e+06 694084 332425 933666
 160 2.01866e+06 784603 369506 1.05759e+06
 170 2.27853e+06 880501 408266 1.1891e+06
 180 2.55409e+06 981902 448867 1.32829e+06
 190 2.84534e+06 1.08906e+06 491702 1.47537e+06
 200 3.15228e+06 1.20191e+06 536656 1.63028e+06
 200 3.15229e+06 1.20214e+06 536516 1.63031e+06
 400 1.25818e+07 4.64245e+06 1.87153e+06 6.36526e+06
 600 2.82855e+07 1.03481e+07 4.05266e+06 1.42287e+07
 800 5.02749e+07 1.83249e+07 7.07821e+06 2.5226e+07
 1000 7.8545e+07 2.85694e+07 1.09509e+07 3.93551e+07
 1200 1.13092e+08 4.10804e+07 1.56657e+07 5.66126e+07
 1400 1.53919e+08 5.58587e+07 2.12247e+07 7.70008e+07
 1600 2.01026e+08 7.29033e+07 2.76256e+07 1.00518e+08
 1800 2.5441e+08 9.22128e+07 3.48672e+07 1.27163e+08
 2000 3.14072e+08 1.13787e+08 4.29487e+07 1.56936e+08
 2200 3.80013e+08 1.37625e+08 5.18677e+07 1.89835e+08
 2400 4.5223e+08 1.63726e+08 6.16238e+07 2.2586e+08
 2600 5.30725e+08 1.92089e+08 7.22176e+07 2.65011e+08
 2800 6.15496e+08 2.22716e+08 8.36458e+07 3.07286e+08
 3000 7.06545e+08 2.55605e+08 9.5908e+07 3.52686e+08
 3200 8.03869e+08 2.90753e+08 1.09003e+08 4.01208e+08
 3400 9.0747e+08 3.28161e+08 1.2293e+08 4.52854e+08
 3600 1.01735e+09 3.67828e+08 1.37686e+08 5.0762e+08
 3800 1.1335e+09 4.09755e+08 1.53274e+08 5.65508e+08
 4000 1.25592e+09 4.53939e+08 1.69692e+08 6.26518e+08
 4000 1.25595e+09 4.54e+08 1.69618e+08 6.26523e+08
 8000 5.02191e+09 1.81134e+09 6.70954e+08 2.5014e+09
 12000 1.12961e+10 4.06819e+09 1.49752e+09 5.6206e+09
 16000 2.00773e+10 7.22171e+09 2.64394e+09 9.98097e+09
 20000 3.13645e+10 1.12693e+10 4.10591e+09 1.55799e+10
 24000 4.51573e+10 1.62088e+10 5.87945e+09 2.24152e+10
 28000 6.1455e+10 2.20379e+10 7.96098e+09 3.04846e+10
 32000 8.02572e+10 2.87541e+10 1.03466e+10 3.9786e+10
 36000 1.01563e+11 3.63553e+10 1.30332e+10 5.03171e+10
 40000 1.25371e+11 4.48393e+10 1.60175e+10 6.20758e+10
 44000 1.5168e+11 5.42052e+10 1.92963e+10 7.50606e+10
 48000 1.80491e+11 6.4452e+10 2.28679e+10 8.92704e+10
 52000 2.11803e+11 7.55791e+10 2.67314e+10 1.04705e+11
 56000 2.45616e+11 8.75861e+10 3.08853e+10 1.21363e+11
 60000 2.81931e+11 1.00473e+11 3.53282e+10 1.39244e+11
 64000 3.20747e+11 1.1424e+11 4.00592e+10 1.58349e+11
 68000 3.62063e+11 1.28885e+11 4.50753e+10 1.78675e+11
 72000 4.05881e+11 1.44408e+11 5.0376e+10 2.00222e+11
 76000 4.522e+11 1.60807e+11 5.59605e+10 2.22989e+11
 80000 5.01023e+11 1.78081e+11 6.18285e+10 2.46978e+11
 80000 5.01023e+11 1.7856e+11 6.18171e+10 2.47133e+11
 160000 2.00277e+12 7.0722e+11 2.37174e+11 9.82387e+11
 240000 4.50513e+12 1.58171e+12 5.20059e+11 2.2023e+12
 320000 8.00587e+12 2.80278e+12 9.04513e+11 3.90439e+12
 400000 1.25049e+13 4.36737e+12 1.38828e+12 6.08686e+12
 480000 1.79983e+13 6.27387e+12 1.97045e+12 8.74755e+12
 560000 2.44922e+13 8.5262e+12 2.65666e+12 1.18917e+13
 640000 3.19845e+13 1.1125e+13 3.44525e+12 1.55183e+13
 720000 4.04712e+13 1.40663e+13 4.33818e+12 1.96252e+13
 800000 4.99523e+13 1.7349e+13 5.33577e+12 2.42124e+13
 880000 6.04219e+13 2.09854e+13 6.43191e+12 2.92797e+13
 960000 7.18777e+13 2.49822e+13 7.62214e+12 3.48274e+13
 1.04e+06 8.43215e+13 2.93298e+13 8.90421e+12 4.08518e+13
 1.12e+06 9.77573e+13 3.40371e+13 1.02789e+13 4.73578e+13
 1.2e+06 1.12177e+14 3.90962e+13 1.1745e+13 5.43394e+13
 1.28e+06 1.27582e+14 4.45312e+13 1.33122e+13 6.18083e+13
 1.36e+06 1.43971e+14 5.03269e+13 1.49795e+13 6.9759e+13
 1.44e+06 1.61332e+14 5.64812e+13 1.67434e+13 7.81853e+13
 1.52e+06 1.79667e+14 6.29899e+13 1.85991e+13 8.70854e+13
 1.6e+06 1.98996e+14 6.985e+13 2.05327e+13 9.64597e+13
 1.6e+06 1.98265e+14 7.11038e+13 1.98025e+13 9.63904e+13
 3.2e+06 7.91249e+14 2.77469e+14 7.91148e+13 3.82611e+14
 4.8e+06 1.78886e+15 6.27287e+14 1.87366e+14 8.67836e+14
 6.4e+06 3.1793e+15 1.10028e+15 3.25833e+14 1.53514e+15
 8e+06 4.96883e+15 1.71019e+15 5.02761e+14 2.39393e+15
 9.6e+06 7.12063e+15 2.4122e+15 6.62998e+14 3.39861e+15
 1.12e+07 9.71218e+15 3.33842e+15 8.70752e+14 4.64045e+15
