#NOTE: MSDs should be divided by the temperature.
#NOTE: MSDs have been divided by 2 or 10 (i.e., the viscosity computed from all components).
#Time	MSD_xx	MSD_yy	MSD_zz	MSD_xy	MSD_xz	MSD_yz	MSD_off	MSD_all	MSD_bulkvisc
 10 2.09627e+09 2.08354e+09 2.06052e+09 2.13411e+09 2.09276e+09 2.07429e+09 2.10038e+09 2.09227e+09 2.60449e+09
 20 7.58399e+09 7.52555e+09 7.43088e+09 7.72296e+09 7.56323e+09 7.49339e+09 7.59319e+09 7.5613e+09 9.97337e+09
 30 1.52502e+10 1.51e+10 1.48885e+10 1.55307e+10 1.51958e+10 1.50463e+10 1.52576e+10 1.51864e+10 2.13303e+10
 40 2.41539e+10 2.38598e+10 2.35022e+10 2.46026e+10 2.40475e+10 2.38051e+10 2.41517e+10 2.40265e+10 3.59904e+10
 50 3.36862e+10 3.31905e+10 3.26831e+10 3.43261e+10 3.3508e+10 3.31727e+10 3.36689e+10 3.3476e+10 5.34191e+10
 60 4.34408e+10 4.26796e+10 4.20422e+10 4.42943e+10 4.31656e+10 4.27427e+10 4.34009e+10 4.31289e+10 7.31625e+10
 70 5.31843e+10 5.20932e+10 5.1354e+10 5.42784e+10 5.27749e+10 5.22737e+10 5.3109e+10 5.27496e+10 9.48431e+10
 80 6.29027e+10 6.1423e+10 6.05995e+10 6.42634e+10 6.23065e+10 6.1747e+10 6.27723e+10 6.23201e+10 1.18167e+11
 90 7.27317e+10 7.08055e+10 6.99004e+10 7.43798e+10 7.18843e+10 7.12847e+10 7.25163e+10 7.19681e+10 1.42917e+11
 100 8.29011e+10 8.04678e+10 7.94692e+10 8.48405e+10 8.17189e+10 8.10886e+10 8.25493e+10 8.1908e+10 1.68967e+11
 110 9.36776e+10 9.06762e+10 8.95625e+10 9.58951e+10 9.20548e+10 9.1415e+10 9.31217e+10 9.23952e+10 1.96275e+11
 120 1.05293e+11 1.01664e+11 1.004e+11 1.07759e+11 1.03108e+11 1.02492e+11 1.04453e+11 1.03653e+11 2.24829e+11
 130 1.17883e+11 1.13569e+11 1.121e+11 1.20559e+11 1.15012e+11 1.14454e+11 1.16675e+11 1.15812e+11 2.54608e+11
 140 1.31469e+11 1.26424e+11 1.24678e+11 1.34322e+11 1.27799e+11 1.27329e+11 1.29816e+11 1.28899e+11 2.85565e+11
 150 1.45971e+11 1.40161e+11 1.38066e+11 1.48981e+11 1.41405e+11 1.41053e+11 1.43813e+11 1.42848e+11 3.17631e+11
 160 1.61248e+11 1.54649e+11 1.52145e+11 1.64412e+11 1.55709e+11 1.55502e+11 1.58541e+11 1.5753e+11 3.50715e+11
 170 1.77148e+11 1.69732e+11 1.66774e+11 1.80473e+11 1.70581e+11 1.70525e+11 1.73859e+11 1.72803e+11 3.84717e+11
 180 1.93541e+11 1.85273e+11 1.81827e+11 1.97042e+11 1.85913e+11 1.85987e+11 1.89647e+11 1.88541e+11 4.19541e+11
 190 2.10343e+11 2.01181e+11 1.97216e+11 2.1403e+11 2.01635e+11 2.01786e+11 2.05817e+11 2.04655e+11 4.55111e+11
 200 2.27512e+11 2.1741e+11 2.12903e+11 2.31387e+11 2.17707e+11 2.17869e+11 2.22321e+11 2.21103e+11 4.91374e+11
 200 2.28952e+11 2.16149e+11 2.14597e+11 2.30035e+11 2.18014e+11 2.16074e+11 2.21375e+11 2.20785e+11 4.85853e+11
 400 6.637e+11 6.16706e+11 5.99628e+11 6.65986e+11 6.18955e+11 6.1389e+11 6.32944e+11 6.30438e+11 1.35325e+12
 600 1.25001e+12 1.14726e+12 1.09826e+12 1.25117e+12 1.15005e+12 1.1345e+12 1.17857e+12 1.17322e+12 2.49504e+12
 800 1.95703e+12 1.78335e+12 1.68672e+12 1.95381e+12 1.78239e+12 1.75119e+12 1.82913e+12 1.82109e+12 3.88243e+12
 1000 2.77131e+12 2.51274e+12 2.36711e+12 2.75537e+12 2.50613e+12 2.44279e+12 2.5681e+12 2.56102e+12 5.46609e+12
 1200 3.67614e+12 3.31964e+12 3.133e+12 3.64086e+12 3.30842e+12 3.19374e+12 3.38101e+12 3.37911e+12 7.18388e+12
 1400 4.65352e+12 4.19127e+12 3.9734e+12 4.59502e+12 4.17099e+12 3.99738e+12 4.25446e+12 4.26177e+12 9.05278e+12
 1600 5.68976e+12 5.11603e+12 4.87906e+12 5.61166e+12 5.09206e+12 4.84763e+12 5.18378e+12 5.20158e+12 1.10503e+13
 1800 6.77695e+12 6.08362e+12 5.84534e+12 6.6757e+12 6.06102e+12 5.74296e+12 6.15989e+12 6.19006e+12 1.31654e+13
 2000 7.91809e+12 7.07724e+12 6.86639e+12 7.78575e+12 7.07634e+12 6.67232e+12 7.17814e+12 7.22178e+12 1.54242e+13
 2200 9.11394e+12 8.09457e+12 7.93571e+12 8.94358e+12 8.12747e+12 7.63924e+12 8.23676e+12 8.29462e+12 1.77651e+13
 2400 1.03568e+13 9.14266e+12 9.04845e+12 1.01401e+13 9.20428e+12 8.64499e+12 9.3298e+12 9.40426e+12 2.01862e+13
 2600 1.16349e+13 1.02164e+13 1.01963e+13 1.13762e+13 1.03081e+13 9.67699e+12 1.04537e+13 1.05453e+13 2.27091e+13
 2800 1.29586e+13 1.13219e+13 1.13802e+13 1.26508e+13 1.14452e+13 1.07456e+13 1.16139e+13 1.17231e+13 2.52832e+13
 3000 1.43395e+13 1.24569e+13 1.26017e+13 1.39634e+13 1.26135e+13 1.18397e+13 1.28055e+13 1.29364e+13 2.79004e+13
 3200 1.57693e+13 1.3614e+13 1.38568e+13 1.53081e+13 1.38083e+13 1.2956e+13 1.40241e+13 1.41798e+13 3.0562e+13
 3400 1.72297e+13 1.47996e+13 1.51317e+13 1.6678e+13 1.50203e+13 1.41067e+13 1.52683e+13 1.54491e+13 3.32936e+13
 3600 1.87237e+13 1.60034e+13 1.64284e+13 1.80632e+13 1.62598e+13 1.52811e+13 1.65347e+13 1.67416e+13 3.60849e+13
 3800 2.02527e+13 1.72238e+13 1.77423e+13 1.94708e+13 1.75275e+13 1.64681e+13 1.78221e+13 1.80558e+13 3.89452e+13
 4000 2.18185e+13 1.84634e+13 1.90711e+13 2.09045e+13 1.88284e+13 1.76589e+13 1.91306e+13 1.93921e+13 4.18732e+13
 4000 2.24709e+13 1.84982e+13 2.15122e+13 2.09092e+13 1.88451e+13 1.68275e+13 1.88606e+13 1.96472e+13 4.12249e+13
 8000 5.73465e+13 4.53267e+13 4.90736e+13 5.57343e+13 4.97064e+13 4.1863e+13 4.91012e+13 4.96936e+13 1.09307e+14
 12000 9.44191e+13 7.09346e+13 7.99278e+13 9.62814e+13 8.43177e+13 6.66606e+13 8.24199e+13 8.21562e+13 1.82087e+14
 16000 1.31701e+14 9.83966e+13 1.16187e+14 1.38501e+14 1.22339e+14 8.82027e+13 1.16348e+14 1.1598e+14 2.5532e+14
 20000 1.7076e+14 1.28093e+14 1.55291e+14 1.86021e+14 1.61899e+14 1.07363e+14 1.51761e+14 1.51609e+14 3.31561e+14
 24000 2.05836e+14 1.57993e+14 1.91275e+14 2.3457e+14 2.01738e+14 1.27397e+14 1.87902e+14 1.86755e+14 4.0696e+14
 28000 2.33291e+14 1.83244e+14 2.2541e+14 2.82107e+14 2.38239e+14 1.46986e+14 2.22444e+14 2.19059e+14 4.69163e+14
 32000 2.58642e+14 2.0164e+14 2.61774e+14 3.28973e+14 2.7067e+14 1.68255e+14 2.55966e+14 2.49854e+14 5.1926e+14
 36000 2.84991e+14 2.16628e+14 2.98542e+14 3.76965e+14 2.99047e+14 1.90336e+14 2.88783e+14 2.79958e+14 5.63343e+14
 40000 3.11029e+14 2.30316e+14 3.38517e+14 4.27897e+14 3.23811e+14 2.17804e+14 3.23171e+14 3.11217e+14 5.90321e+14
 44000 3.34676e+14 2.41224e+14 3.78628e+14 4.78245e+14 3.44759e+14 2.48716e+14 3.5724e+14 3.41614e+14 6.0413e+14
 48000 3.56782e+14 2.46941e+14 4.17886e+14 5.24343e+14 3.59551e+14 2.78634e+14 3.87509e+14 3.6872e+14 6.15978e+14
 52000 3.80025e+14 2.51963e+14 4.53807e+14 5.69827e+14 3.6876e+14 3.07137e+14 4.15242e+14 3.93917e+14 6.2812e+14
 56000 4.08344e+14 2.60899e+14 4.95282e+14 6.1152e+14 3.7355e+14 3.35297e+14 4.40122e+14 4.19343e+14 6.42231e+14
 60000 4.41271e+14 2.69714e+14 5.40105e+14 6.50739e+14 3.75518e+14 3.64903e+14 4.6372e+14 4.45044e+14 6.51987e+14
 64000 4.7798e+14 2.80589e+14 5.86851e+14 6.88835e+14 3.76954e+14 3.93789e+14 4.86526e+14 4.71305e+14 6.59349e+14
 68000 5.21215e+14 2.95478e+14 6.35794e+14 7.2163e+14 3.73159e+14 4.23678e+14 5.06155e+14 4.97358e+14 6.69576e+14
 72000 5.58556e+14 3.13573e+14 6.86039e+14 7.50356e+14 3.64207e+14 4.527e+14 5.22421e+14 5.21208e+14 6.81768e+14
 76000 5.87111e+14 3.33537e+14 7.34621e+14 7.81415e+14 3.56697e+14 4.83153e+14 5.40422e+14 5.44956e+14 6.97825e+14
 80000 6.11725e+14 3.50154e+14 7.79869e+14 8.15398e+14 3.57358e+14 5.15927e+14 5.62894e+14 5.69969e+14 7.33581e+14
 80000 4.88148e+14 4.63968e+14 8.15419e+14 1.03706e+15 2.62483e+14 4.77172e+14 5.92239e+14 5.91015e+14 7.75724e+14
 160000 8.56255e+14 5.68307e+14 1.50053e+15 1.22204e+15 3.74923e+14 9.34891e+14 8.43951e+14 8.96382e+14 1.33062e+15
 240000 1.05183e+15 1.32285e+15 2.31887e+15 2.06671e+15 6.56538e+14 2.01201e+15 1.57842e+15 1.57286e+15 1.08251e+15
 320000 9.78788e+14 1.42598e+15 1.82728e+15 2.06567e+15 1.15419e+15 3.42723e+15 2.2157e+15 1.89369e+15 1.65332e+15
 400000 3.84016e+14 2.46021e+15 1.98022e+15 1.70179e+15 1.56193e+15 4.88884e+15 2.71752e+15 2.27377e+15 2.82717e+15
 480000 5.34279e+13 3.91822e+15 3.75634e+15 6.44241e+14 2.32265e+15 5.56083e+15 2.84257e+15 2.73594e+15 3.22229e+15
 560000 7.78667e+14 5.57563e+15 6.25267e+15 2.39163e+15 1.90191e+15 6.12253e+15 3.47202e+15 3.76414e+15 1.88045e+15
 640000 2.66918e+14 6.71315e+15 9.65727e+15 6.70956e+14 3.06087e+15 6.09977e+15 3.2772e+15 4.18463e+15 3.25038e+13
