#NOTE: MSDs should be divided by the temperature.
#NOTE: MSDs have been divided by 2 or 10 (i.e., the viscosity computed from all components).
#Time	MSD_xx	MSD_yy	MSD_zz	MSD_xy	MSD_xz	MSD_yz	MSD_off	MSD_all	MSD_bulkvisc
 10 2.09136e+09 2.07996e+09 2.06287e+09 2.1275e+09 2.08527e+09 2.07876e+09 2.09718e+09 2.08953e+09 2.59381e+09
 20 7.56171e+09 7.51958e+09 7.44441e+09 7.69358e+09 7.53618e+09 7.51106e+09 7.58027e+09 7.55159e+09 9.93398e+09
 30 1.51947e+10 1.51102e+10 1.49313e+10 1.54611e+10 1.51416e+10 1.50808e+10 1.52279e+10 1.51682e+10 2.1252e+10
 40 2.40443e+10 2.39165e+10 2.35989e+10 2.44772e+10 2.39665e+10 2.38521e+10 2.40986e+10 2.40005e+10 3.58718e+10
 50 3.34931e+10 3.33288e+10 3.28608e+10 3.41305e+10 3.34089e+10 3.32197e+10 3.35864e+10 3.34429e+10 5.32643e+10
 60 4.31283e+10 4.29346e+10 4.23261e+10 4.40158e+10 4.30635e+10 4.27775e+10 4.32856e+10 4.30899e+10 7.29792e+10
 70 5.27128e+10 5.25011e+10 5.17664e+10 5.38991e+10 5.26876e+10 5.22894e+10 5.29587e+10 5.27059e+10 9.46415e+10
 80 6.22323e+10 6.20162e+10 6.11601e+10 6.37619e+10 6.22513e+10 6.17419e+10 6.25851e+10 6.22722e+10 1.17959e+11
 90 7.18225e+10 7.16053e+10 7.06245e+10 7.37354e+10 7.18785e+10 7.12653e+10 7.22931e+10 7.19162e+10 1.42717e+11
 100 8.17096e+10 8.14794e+10 8.03641e+10 8.40309e+10 8.17746e+10 8.10706e+10 8.2292e+10 8.1849e+10 1.6879e+11
 110 9.21597e+10 9.18933e+10 9.06282e+10 9.4898e+10 9.2178e+10 9.14169e+10 9.28309e+10 9.23227e+10 1.96134e+11
 120 1.03401e+11 1.03076e+11 1.01632e+11 1.06552e+11 1.03299e+11 1.0253e+11 1.04127e+11 1.03557e+11 2.24739e+11
 130 1.15562e+11 1.15161e+11 1.13489e+11 1.1912e+11 1.15268e+11 1.14542e+11 1.1631e+11 1.15681e+11 2.54581e+11
 140 1.2866e+11 1.28182e+11 1.26219e+11 1.32627e+11 1.28114e+11 1.27475e+11 1.29405e+11 1.28718e+11 2.85614e+11
 150 1.4262e+11 1.4208e+11 1.39762e+11 1.47008e+11 1.41773e+11 1.4126e+11 1.43347e+11 1.42603e+11 3.17769e+11
 160 1.5731e+11 1.56732e+11 1.54011e+11 1.62142e+11 1.56125e+11 1.55762e+11 1.5801e+11 1.57213e+11 3.50955e+11
 170 1.72577e+11 1.71993e+11 1.68832e+11 1.77885e+11 1.71041e+11 1.70823e+11 1.73249e+11 1.72403e+11 3.85072e+11
 180 1.88294e+11 1.87729e+11 1.84105e+11 1.94111e+11 1.86415e+11 1.86304e+11 1.88944e+11 1.8805e+11 4.20029e+11
 190 2.04371e+11 2.03849e+11 1.99739e+11 2.10726e+11 2.0218e+11 2.02111e+11 2.05006e+11 2.04065e+11 4.55752e+11
 200 2.20763e+11 2.20302e+11 2.15686e+11 2.27679e+11 2.18301e+11 2.182e+11 2.21393e+11 2.20403e+11 4.92193e+11
 200 2.2217e+11 2.19141e+11 2.16978e+11 2.26177e+11 2.18534e+11 2.16047e+11 2.20252e+11 2.19923e+11 4.87593e+11
 400 6.32476e+11 6.28034e+11 6.09802e+11 6.51289e+11 6.19651e+11 6.11389e+11 6.27443e+11 6.25841e+11 1.36557e+12
 600 1.1815e+12 1.17296e+12 1.12462e+12 1.21834e+12 1.14656e+12 1.13201e+12 1.16564e+12 1.16326e+12 2.52815e+12
 800 1.84052e+12 1.825e+12 1.73439e+12 1.89762e+12 1.76911e+12 1.74971e+12 1.80548e+12 1.80328e+12 3.94676e+12
 1000 2.59073e+12 2.57169e+12 2.43474e+12 2.67238e+12 2.47746e+12 2.44297e+12 2.53093e+12 2.53152e+12 5.5751e+12
 1200 3.42074e+12 3.3987e+12 3.21986e+12 3.52429e+12 3.258e+12 3.19739e+12 3.32656e+12 3.33451e+12 7.37688e+12
 1400 4.31325e+12 4.29062e+12 4.07435e+12 4.44076e+12 4.09442e+12 4.00864e+12 4.18127e+12 4.19919e+12 9.34661e+12
 1600 5.26051e+12 5.23728e+12 4.98936e+12 5.41358e+12 4.9869e+12 4.87472e+12 5.09173e+12 5.11999e+12 1.1457e+13
 1800 6.25826e+12 6.23056e+12 5.96511e+12 6.42738e+12 5.93106e+12 5.79107e+12 6.04984e+12 6.09043e+12 1.36947e+13
 2000 7.3093e+12 7.25863e+12 6.99495e+12 7.4827e+12 6.92231e+12 6.74228e+12 7.0491e+12 7.10451e+12 1.607e+13
 2200 8.41141e+12 8.31541e+12 8.07352e+12 8.58131e+12 7.95246e+12 7.73057e+12 8.08811e+12 8.15958e+12 1.85415e+13
 2400 9.55634e+12 9.4044e+12 9.19218e+12 9.71734e+12 9.01222e+12 8.7567e+12 9.16209e+12 9.25097e+12 2.11086e+13
 2600 1.07351e+13 1.05232e+13 1.03469e+13 1.08893e+13 1.01e+13 9.81107e+12 1.02668e+13 1.03741e+13 2.37698e+13
 2800 1.19556e+13 1.16724e+13 1.15379e+13 1.20969e+13 1.12121e+13 1.08965e+13 1.14018e+13 1.15299e+13 2.64958e+13
 3000 1.32241e+13 1.28495e+13 1.2764e+13 1.33364e+13 1.23498e+13 1.2006e+13 1.25641e+13 1.27168e+13 2.92762e+13
 3200 1.45351e+13 1.40488e+13 1.40181e+13 1.45992e+13 1.35102e+13 1.31398e+13 1.37497e+13 1.39301e+13 3.21066e+13
 3400 1.58748e+13 1.52732e+13 1.52898e+13 1.58803e+13 1.46811e+13 1.43089e+13 1.49568e+13 1.51658e+13 3.49995e+13
 3600 1.72406e+13 1.65113e+13 1.65781e+13 1.71766e+13 1.58739e+13 1.55005e+13 1.61837e+13 1.64209e+13 3.79503e+13
 3800 1.86348e+13 1.7767e+13 1.78814e+13 1.84917e+13 1.70908e+13 1.67063e+13 1.74296e+13 1.76955e+13 4.09584e+13
 4000 2.00583e+13 1.90421e+13 1.91988e+13 1.98308e+13 1.8331e+13 1.79164e+13 1.86927e+13 1.89889e+13 4.40213e+13
 4000 2.04439e+13 1.90064e+13 2.11239e+13 1.99239e+13 1.85048e+13 1.73387e+13 1.85892e+13 1.923e+13 4.43183e+13
 8000 5.25209e+13 4.62222e+13 4.9193e+13 5.11778e+13 4.84571e+13 4.16855e+13 4.71068e+13 4.79889e+13 1.12897e+14
 12000 8.67975e+13 7.23955e+13 7.87109e+13 8.67679e+13 8.07519e+13 6.47881e+13 7.7436e+13 7.81821e+13 1.82369e+14
 16000 1.2079e+14 9.84427e+13 1.09132e+14 1.21725e+14 1.13793e+14 8.5674e+13 1.07064e+14 1.0802e+14 2.47791e+14
 20000 1.55007e+14 1.2598e+14 1.4146e+14 1.60651e+14 1.4809e+14 1.06796e+14 1.38513e+14 1.39434e+14 3.20687e+14
 24000 1.86827e+14 1.56189e+14 1.73139e+14 1.99002e+14 1.83322e+14 1.28039e+14 1.70121e+14 1.70893e+14 3.95532e+14
 28000 2.12496e+14 1.84807e+14 2.04923e+14 2.34763e+14 2.17398e+14 1.46421e+14 1.99527e+14 2.00013e+14 4.64987e+14
 32000 2.37662e+14 2.08474e+14 2.37083e+14 2.69069e+14 2.50241e+14 1.63562e+14 2.27624e+14 2.2767e+14 5.25381e+14
 36000 2.6512e+14 2.28692e+14 2.69325e+14 3.04643e+14 2.80592e+14 1.81432e+14 2.55556e+14 2.55085e+14 5.77757e+14
 40000 2.95589e+14 2.49328e+14 3.04742e+14 3.42097e+14 3.09518e+14 2.02549e+14 2.84722e+14 2.84121e+14 6.11854e+14
 44000 3.26651e+14 2.69132e+14 3.42168e+14 3.7845e+14 3.36944e+14 2.2665e+14 3.14015e+14 3.13469e+14 6.33622e+14
 48000 3.59165e+14 2.85958e+14 3.78303e+14 4.12749e+14 3.64912e+14 2.52291e+14 3.43317e+14 3.42447e+14 6.54978e+14
 52000 3.96428e+14 3.03436e+14 4.13008e+14 4.47643e+14 3.9097e+14 2.79985e+14 3.72866e+14 3.72103e+14 6.76533e+14
 56000 4.37205e+14 3.22585e+14 4.49871e+14 4.83709e+14 4.16152e+14 3.06361e+14 4.02074e+14 4.02533e+14 6.9652e+14
 60000 4.78416e+14 3.40062e+14 4.88336e+14 5.19109e+14 4.3923e+14 3.30448e+14 4.29596e+14 4.31999e+14 7.11091e+14
 64000 5.2186e+14 3.56944e+14 5.28355e+14 5.54296e+14 4.54748e+14 3.54679e+14 4.54574e+14 4.60366e+14 7.24827e+14
 68000 5.68154e+14 3.76019e+14 5.71359e+14 5.86587e+14 4.68127e+14 3.78003e+14 4.77572e+14 4.88614e+14 7.46432e+14
 72000 6.10818e+14 3.94916e+14 6.14459e+14 6.15743e+14 4.83659e+14 3.98143e+14 4.99182e+14 5.15535e+14 7.72202e+14
 76000 6.48159e+14 4.14978e+14 6.5476e+14 6.48968e+14 5.03284e+14 4.15583e+14 5.22612e+14 5.4262e+14 7.997e+14
 80000 6.81605e+14 4.30713e+14 6.8974e+14 6.85084e+14 5.26263e+14 4.33649e+14 5.48332e+14 5.69274e+14 8.37175e+14
 80000 7.18396e+14 6.0803e+14 7.02613e+14 8.2705e+14 3.93589e+14 4.50291e+14 5.56977e+14 6.04725e+14 7.51472e+14
 160000 1.09396e+15 4.02513e+14 1.39922e+15 1.51767e+15 8.42719e+14 7.95171e+14 1.05185e+15 1.0172e+15 1.38813e+15
 240000 1.90816e+15 1.19899e+15 2.16521e+15 2.4471e+15 1.37143e+15 1.34622e+15 1.72158e+15 1.73593e+15 1.07896e+15
 320000 1.75068e+15 1.17058e+15 2.22985e+15 2.71103e+15 1.88926e+15 1.95267e+15 2.18432e+15 1.99741e+15 1.25616e+15
 400000 2.08425e+15 2.17039e+15 3.04912e+15 2.57167e+15 1.66063e+15 2.57516e+15 2.26915e+15 2.33533e+15 2.48645e+15
 480000 1.65407e+15 2.56983e+15 3.97681e+15 1.34628e+15 2.1451e+15 2.50169e+15 1.99769e+15 2.29204e+15 2.96404e+15
 560000 1.181e+15 3.81453e+15 4.9126e+15 2.33241e+15 1.88965e+15 2.90633e+15 2.37613e+15 2.74676e+15 1.84471e+15
 640000 9.38987e+14 3.67068e+15 6.44014e+15 4.12712e+15 1.64579e+15 3.07364e+15 2.94885e+15 3.24262e+15 1.66859e+15
 720000 1.49736e+15 4.86156e+15 8.36615e+15 6.67494e+15 7.76751e+14 4.06011e+15 3.83727e+15 4.2657e+15 2.61355e+15
 800000 3.30442e+15 4.31434e+15 1.40997e+16 8.52316e+15 3.60606e+14 5.15976e+15 4.68117e+15 5.70449e+15 2.73916e+15
 880000 5.90846e+15 5.61685e+15 1.88174e+16 1.10607e+16 9.17413e+14 6.26399e+15 6.08069e+15 7.69411e+15 1.33578e+15
 960000 7.11918e+15 3.23219e+15 1.99452e+16 7.60372e+15 1.71424e+15 5.62579e+15 4.98125e+15 7.0283e+15 5.59252e+12
