#NOTE: MSDs should be divided by the temperature.
#NOTE: MSDs have been divided by 2 or 10 (i.e., the viscosity computed from all components).
#Time	MSD_xx	MSD_yy	MSD_zz	MSD_xy	MSD_xz	MSD_yz	MSD_off	MSD_all	MSD_bulkvisc
 10 2.10852e+09 2.08703e+09 2.08891e+09 2.11679e+09 2.08571e+09 2.08535e+09 2.09595e+09 2.0955e+09 2.5832e+09
 20 7.63119e+09 7.5476e+09 7.55627e+09 7.66341e+09 7.53626e+09 7.53827e+09 7.57931e+09 7.57893e+09 9.89135e+09
 30 1.53549e+10 1.51751e+10 1.51943e+10 1.54245e+10 1.51255e+10 1.51463e+10 1.52321e+10 1.52358e+10 2.11561e+10
 40 2.4343e+10 2.40462e+10 2.40736e+10 2.44614e+10 2.3904e+10 2.39781e+10 2.41145e+10 2.41304e+10 3.57019e+10
 50 3.39891e+10 3.35646e+10 3.35915e+10 3.41638e+10 3.32588e+10 3.34409e+10 3.36212e+10 3.36587e+10 5.29991e+10
 60 4.38819e+10 4.33234e+10 4.33424e+10 4.41159e+10 4.2777e+10 4.31351e+10 4.33427e+10 4.3412e+10 7.25966e+10
 70 5.37791e+10 5.30769e+10 5.3088e+10 5.40703e+10 5.22137e+10 5.28193e+10 5.30344e+10 5.31465e+10 9.4121e+10
 80 6.36574e+10 6.27927e+10 6.28034e+10 6.39916e+10 6.15429e+10 6.24543e+10 6.2663e+10 6.28316e+10 1.17289e+11
 90 7.36356e+10 7.25813e+10 7.2605e+10 7.39931e+10 7.089e+10 7.21428e+10 7.2342e+10 7.25814e+10 1.41894e+11
 100 8.39139e+10 8.26358e+10 8.26878e+10 8.42815e+10 8.04647e+10 8.20761e+10 8.22741e+10 8.25961e+10 1.67812e+11
 110 9.47422e+10 9.31974e+10 9.32928e+10 9.51126e+10 9.05162e+10 9.25002e+10 9.27097e+10 9.31235e+10 1.94997e+11
 120 1.06344e+11 1.04483e+11 1.04635e+11 1.06715e+11 1.01269e+11 1.03639e+11 1.03875e+11 1.04386e+11 2.23431e+11
 130 1.18854e+11 1.16624e+11 1.16853e+11 1.19227e+11 1.12866e+11 1.15636e+11 1.1591e+11 1.16523e+11 2.53079e+11
 140 1.32301e+11 1.29657e+11 1.29987e+11 1.32689e+11 1.25349e+11 1.28536e+11 1.28858e+11 1.29574e+11 2.83885e+11
 150 1.46621e+11 1.43533e+11 1.43989e+11 1.47055e+11 1.38663e+11 1.42298e+11 1.42672e+11 1.43489e+11 3.15766e+11
 160 1.6168e+11 1.58144e+11 1.58744e+11 1.62207e+11 1.52685e+11 1.56802e+11 1.57231e+11 1.58148e+11 3.48625e+11
 170 1.77334e+11 1.73358e+11 1.74112e+11 1.77993e+11 1.67265e+11 1.71901e+11 1.72386e+11 1.73406e+11 3.8236e+11
 180 1.93458e+11 1.89055e+11 1.89982e+11 1.94274e+11 1.82266e+11 1.87463e+11 1.88001e+11 1.89133e+11 4.16885e+11
 190 2.09969e+11 2.05145e+11 2.06275e+11 2.10947e+11 1.97586e+11 2.03388e+11 2.03974e+11 2.05236e+11 4.52124e+11
 200 2.26829e+11 2.21575e+11 2.22944e+11 2.27957e+11 2.13165e+11 2.1962e+11 2.20247e+11 2.21661e+11 4.88026e+11
 200 2.25448e+11 2.22187e+11 2.24132e+11 2.27592e+11 2.14891e+11 2.20098e+11 2.20861e+11 2.22085e+11 4.91093e+11
 400 6.48946e+11 6.27082e+11 6.38252e+11 6.48601e+11 5.95197e+11 6.18997e+11 6.20931e+11 6.27796e+11 1.33971e+12
 600 1.20957e+12 1.15613e+12 1.18291e+12 1.20425e+12 1.09048e+12 1.14541e+12 1.14671e+12 1.16118e+12 2.44489e+12
 800 1.88247e+12 1.77744e+12 1.833e+12 1.86853e+12 1.67737e+12 1.77246e+12 1.77279e+12 1.79606e+12 3.79179e+12
 1000 2.64724e+12 2.47451e+12 2.57347e+12 2.61772e+12 2.34157e+12 2.48165e+12 2.48031e+12 2.51422e+12 5.32083e+12
 1200 3.48767e+12 3.23592e+12 3.38582e+12 3.43402e+12 3.06402e+12 3.259e+12 3.25234e+12 3.29933e+12 7.00444e+12
 1400 4.39496e+12 4.05184e+12 4.25194e+12 4.30521e+12 3.83904e+12 4.09751e+12 4.08059e+12 4.14152e+12 8.83951e+12
 1600 5.35532e+12 4.91446e+12 5.16031e+12 5.22019e+12 4.65729e+12 4.98791e+12 4.95513e+12 5.03042e+12 1.08064e+13
 1800 6.35869e+12 5.81733e+12 6.1062e+12 6.17502e+12 5.51931e+12 5.91599e+12 5.87011e+12 5.95969e+12 1.28861e+13
 2000 7.4005e+12 6.76044e+12 7.08933e+12 7.16504e+12 6.41705e+12 6.87634e+12 6.81948e+12 6.92506e+12 1.50875e+13
 2200 8.47681e+12 7.73416e+12 8.10393e+12 8.17509e+12 7.347e+12 7.86312e+12 7.79507e+12 7.91903e+12 1.73972e+13
 2400 9.57968e+12 8.73103e+12 9.14109e+12 9.2067e+12 8.30808e+12 8.87495e+12 8.79658e+12 8.93819e+12 1.97938e+13
 2600 1.07135e+13 9.75069e+12 1.02015e+13 1.02564e+13 9.29374e+12 9.91574e+12 9.82195e+12 9.98192e+12 2.22704e+13
 2800 1.18666e+13 1.0789e+13 1.12784e+13 1.13133e+13 1.02966e+13 1.0987e+13 1.08657e+13 1.10439e+13 2.4805e+13
 3000 1.30288e+13 1.18441e+13 1.23608e+13 1.23731e+13 1.1317e+13 1.20852e+13 1.19251e+13 1.21196e+13 2.73793e+13
 3200 1.42014e+13 1.29148e+13 1.3446e+13 1.34328e+13 1.23505e+13 1.32081e+13 1.29971e+13 1.32066e+13 2.9974e+13
 3400 1.53853e+13 1.40011e+13 1.45375e+13 1.44927e+13 1.33998e+13 1.4353e+13 1.40818e+13 1.43056e+13 3.26137e+13
 3600 1.65823e+13 1.51042e+13 1.56358e+13 1.5547e+13 1.44644e+13 1.55245e+13 1.51786e+13 1.54168e+13 3.52879e+13
 3800 1.77966e+13 1.62287e+13 1.67414e+13 1.65987e+13 1.55424e+13 1.67136e+13 1.62849e+13 1.65398e+13 3.80006e+13
 4000 1.90134e+13 1.7361e+13 1.78565e+13 1.76445e+13 1.66337e+13 1.7919e+13 1.73991e+13 1.76702e+13 4.07356e+13
 4000 1.90083e+13 1.70044e+13 1.68709e+13 1.66925e+13 1.66033e+13 1.80659e+13 1.71206e+13 1.73235e+13 4.10525e+13
 8000 4.35879e+13 3.93675e+13 3.96653e+13 3.7891e+13 4.07196e+13 4.58818e+13 4.14975e+13 4.12479e+13 1.02463e+14
 12000 6.65557e+13 6.37121e+13 6.36099e+13 5.91015e+13 6.96103e+13 7.6414e+13 6.83753e+13 6.68755e+13 1.64306e+14
 16000 8.78966e+13 8.60198e+13 8.60857e+13 7.95763e+13 1.00405e+14 1.0773e+14 9.59036e+13 9.22091e+13 2.25989e+14
 20000 1.07327e+14 1.07084e+14 1.0709e+14 1.00742e+14 1.32533e+14 1.4007e+14 1.24449e+14 1.17536e+14 2.87961e+14
 24000 1.25948e+14 1.25001e+14 1.25995e+14 1.23911e+14 1.64848e+14 1.73342e+14 1.54033e+14 1.42679e+14 3.43999e+14
 28000 1.45916e+14 1.44383e+14 1.46562e+14 1.47194e+14 1.98578e+14 2.06683e+14 1.84152e+14 1.68739e+14 3.99736e+14
 32000 1.672e+14 1.61685e+14 1.66084e+14 1.68973e+14 2.30373e+14 2.42215e+14 2.13854e+14 1.94308e+14 4.60081e+14
 36000 1.88496e+14 1.78393e+14 1.86358e+14 1.90463e+14 2.60354e+14 2.81035e+14 2.43951e+14 2.20137e+14 5.22745e+14
 40000 2.07519e+14 1.96016e+14 2.05936e+14 2.1171e+14 2.89468e+14 3.21854e+14 2.74344e+14 2.45869e+14 5.89169e+14
 44000 2.22552e+14 2.13166e+14 2.23595e+14 2.34658e+14 3.20697e+14 3.66767e+14 3.07374e+14 2.72333e+14 6.58916e+14
 48000 2.33132e+14 2.29335e+14 2.39859e+14 2.58934e+14 3.50305e+14 4.1361e+14 3.4095e+14 2.98213e+14 7.28733e+14
 52000 2.41202e+14 2.48325e+14 2.57859e+14 2.85169e+14 3.81026e+14 4.63302e+14 3.76499e+14 3.25551e+14 7.95159e+14
 56000 2.51217e+14 2.68604e+14 2.76187e+14 3.09723e+14 4.14861e+14 5.134e+14 4.12661e+14 3.53731e+14 8.61438e+14
 60000 2.6509e+14 2.88399e+14 2.95927e+14 3.32924e+14 4.47474e+14 5.63332e+14 4.4791e+14 3.82001e+14 9.28994e+14
 64000 2.78935e+14 3.03327e+14 3.14788e+14 3.55222e+14 4.81559e+14 6.13509e+14 4.8343e+14 4.09665e+14 9.9596e+14
 68000 2.89623e+14 3.17445e+14 3.31873e+14 3.75594e+14 5.14215e+14 6.66161e+14 5.18656e+14 4.36386e+14 1.05863e+15
 72000 2.98869e+14 3.30206e+14 3.51359e+14 3.92546e+14 5.44144e+14 7.20066e+14 5.52252e+14 4.62076e+14 1.1193e+15
 76000 3.04415e+14 3.43137e+14 3.7114e+14 4.0618e+14 5.71228e+14 7.73511e+14 5.8364e+14 4.86009e+14 1.17712e+15
 80000 3.1196e+14 3.56311e+14 3.89428e+14 4.20333e+14 5.98039e+14 8.25485e+14 6.14619e+14 5.09798e+14 1.23908e+15
 80000 3.86442e+14 2.4445e+14 3.45281e+14 3.56369e+14 4.82063e+14 7.85033e+14 5.41155e+14 4.5485e+14 1.2794e+15
 160000 6.06523e+14 5.75913e+14 7.13418e+14 8.33754e+14 1.06515e+15 2.13399e+15 1.3443e+15 1.05936e+15 2.61178e+15
 240000 5.24842e+14 8.41724e+14 9.1509e+14 1.44801e+15 1.31813e+15 3.64087e+15 2.13567e+15 1.58562e+15 3.52501e+15
 320000 5.19366e+14 9.57769e+14 9.31806e+14 1.97108e+15 1.57617e+15 5.90424e+15 3.1505e+15 2.21149e+15 3.93706e+15
 400000 6.50825e+14 1.01088e+15 8.60091e+14 2.48204e+15 2.08792e+15 8.52346e+15 4.36447e+15 2.95492e+15 4.17687e+15
 480000 9.43704e+14 1.15393e+15 6.05975e+14 3.00344e+15 2.4896e+15 1.1023e+16 5.50535e+15 3.66369e+15 4.57587e+15
 560000 8.03539e+14 1.22692e+15 7.12556e+14 3.57884e+15 2.74079e+15 1.35257e+16 6.61512e+15 4.3348e+15 4.24277e+15
 640000 6.5326e+14 1.2455e+15 9.27742e+14 4.1349e+15 2.87224e+15 1.5079e+16 7.36204e+15 4.79409e+15 4.41636e+15
 720000 7.87844e+14 1.40427e+15 1.25953e+15 4.82e+15 2.94936e+15 1.62728e+16 8.01406e+15 5.26865e+15 5.03129e+15
 800000 1.00739e+15 1.52437e+15 1.67563e+15 5.10782e+15 3.39841e+15 1.81386e+16 8.88162e+15 5.88996e+15 5.2758e+15
 880000 8.23867e+14 1.60489e+15 1.87949e+15 5.31693e+15 3.76179e+15 2.06522e+16 9.91029e+15 6.52061e+15 4.39312e+15
 960000 2.12315e+14 1.42154e+15 1.57513e+15 5.67039e+15 4.26579e+15 2.3844e+16 1.12601e+16 7.1839e+15 4.42574e+15
 1.04e+06 2.93112e+14 1.53476e+15 1.79561e+15 5.84857e+15 4.32215e+15 2.83065e+16 1.28258e+16 8.17858e+15 5.67975e+15
 1.12e+06 6.31962e+14 1.89985e+15 2.21369e+15 6.6174e+15 3.39599e+15 3.38419e+16 1.46184e+16 9.40379e+15 6.21922e+15
 1.2e+06 4.31175e+14 2.2714e+15 2.32327e+15 7.35288e+15 2.55554e+15 4.27124e+16 1.75403e+16 1.11943e+16 7.65702e+15
 1.28e+06 3.58549e+14 2.92178e+15 2.41298e+15 8.14503e+15 2.65136e+15 5.36147e+16 2.14704e+16 1.36413e+16 9.05551e+15
 1.36e+06 3.09139e+14 3.78375e+15 3.3483e+15 8.19398e+15 2.48378e+15 6.38624e+16 2.48467e+16 1.59002e+16 1.05923e+16
 1.44e+06 3.85663e+14 4.89776e+15 4.0687e+15 7.4689e+15 1.88019e+15 7.00143e+16 2.64545e+16 1.71196e+16 6.43292e+15
 1.52e+06 3.74878e+14 5.85601e+15 4.98503e+15 5.38257e+15 1.74744e+15 8.08726e+16 2.93342e+16 1.9096e+16 2.43046e+15
 1.6e+06 3.53841e+13 5.49614e+15 5.95342e+15 5.46585e+15 1.30878e+15 9.38184e+16 3.3531e+16 2.16499e+16 7.08717e+14
 1.6e+06 7.78656e+11 7.44814e+15 7.29661e+15 7.80805e+15 1.61379e+15 9.91412e+16 3.61877e+16 2.36787e+16 2.52838e+14
