#NOTE: MSDs should be divided by the temperature.
#NOTE: MSDs have been divided by 2 or 10 (i.e., the viscosity computed from all components).
#Time	MSD_xx	MSD_yy	MSD_zz	MSD_xy	MSD_xz	MSD_yz	MSD_off	MSD_all	MSD_bulkvisc
 10 2.09307e+09 2.09234e+09 2.09044e+09 2.07725e+09 2.08162e+09 2.08017e+09 2.07968e+09 2.08459e+09 2.58699e+09
 20 7.56752e+09 7.56653e+09 7.55304e+09 7.50523e+09 7.52149e+09 7.52082e+09 7.51585e+09 7.53446e+09 9.9067e+09
 30 1.52054e+10 1.52104e+10 1.51652e+10 1.50743e+10 1.51052e+10 1.51135e+10 1.50976e+10 1.5136e+10 2.11911e+10
 40 2.40652e+10 2.40885e+10 2.39859e+10 2.38562e+10 2.3898e+10 2.39287e+10 2.38943e+10 2.39552e+10 3.5767e+10
 50 3.3535e+10 3.3591e+10 3.3412e+10 3.32567e+10 3.3299e+10 3.33676e+10 3.33077e+10 3.33897e+10 5.31066e+10
 60 4.32001e+10 4.32993e+10 4.30383e+10 4.28769e+10 4.29036e+10 4.30287e+10 4.29364e+10 4.30335e+10 7.27592e+10
 70 5.28163e+10 5.2968e+10 5.26283e+10 5.24832e+10 5.24714e+10 5.26782e+10 5.25443e+10 5.26482e+10 9.43501e+10
 80 6.23583e+10 6.25743e+10 6.2159e+10 6.20512e+10 6.19725e+10 6.22947e+10 6.21061e+10 6.22092e+10 1.1759e+11
 90 7.19496e+10 7.22442e+10 7.17532e+10 7.16992e+10 7.15236e+10 7.19994e+10 7.17407e+10 7.18374e+10 1.42266e+11
 100 8.18007e+10 8.21918e+10 8.16199e+10 8.16279e+10 8.13311e+10 8.19938e+10 8.1651e+10 8.17389e+10 1.68249e+11
 110 9.2167e+10 9.26751e+10 9.20078e+10 9.20822e+10 9.16456e+10 9.25226e+10 9.20835e+10 9.21634e+10 1.95494e+11
 120 1.03275e+11 1.03922e+11 1.03134e+11 1.03277e+11 1.02685e+11 1.03799e+11 1.03254e+11 1.0333e+11 2.23985e+11
 130 1.15261e+11 1.16071e+11 1.15125e+11 1.1534e+11 1.14579e+11 1.15946e+11 1.15288e+11 1.15367e+11 2.53691e+11
 140 1.28157e+11 1.29156e+11 1.28013e+11 1.28303e+11 1.27353e+11 1.28992e+11 1.28216e+11 1.28306e+11 2.8456e+11
 150 1.41904e+11 1.4312e+11 1.41743e+11 1.42106e+11 1.40951e+11 1.42882e+11 1.4198e+11 1.4209e+11 3.16518e+11
 160 1.56384e+11 1.57839e+11 1.56195e+11 1.5663e+11 1.55255e+11 1.57497e+11 1.56461e+11 1.56599e+11 3.49474e+11
 170 1.71457e+11 1.73164e+11 1.7123e+11 1.71733e+11 1.70126e+11 1.72702e+11 1.7152e+11 1.71692e+11 3.83329e+11
 180 1.87e+11 1.88962e+11 1.86723e+11 1.8729e+11 1.85444e+11 1.88372e+11 1.87035e+11 1.87246e+11 4.17998e+11
 190 2.02922e+11 2.05139e+11 2.02582e+11 2.03211e+11 2.01122e+11 2.04419e+11 2.02917e+11 2.03169e+11 4.53408e+11
 200 2.19171e+11 2.21647e+11 2.18756e+11 2.19446e+11 2.17114e+11 2.20792e+11 2.19118e+11 2.19414e+11 4.89513e+11
 200 2.19393e+11 2.20946e+11 2.19979e+11 2.19434e+11 2.16706e+11 2.19957e+11 2.18699e+11 2.19262e+11 4.88652e+11
 400 6.2192e+11 6.32083e+11 6.18987e+11 6.1976e+11 6.10209e+11 6.23485e+11 6.17818e+11 6.20423e+11 1.35438e+12
 600 1.15385e+12 1.17704e+12 1.14303e+12 1.14651e+12 1.13218e+12 1.15409e+12 1.14426e+12 1.14975e+12 2.49539e+12
 800 1.78794e+12 1.8292e+12 1.76872e+12 1.77306e+12 1.75087e+12 1.78501e+12 1.76965e+12 1.7799e+12 3.88535e+12
 1000 2.50991e+12 2.57447e+12 2.47944e+12 2.48223e+12 2.44881e+12 2.49801e+12 2.47635e+12 2.49432e+12 5.46049e+12
 1200 3.3029e+12 3.3951e+12 3.25967e+12 3.25891e+12 3.21102e+12 3.27863e+12 3.24952e+12 3.2774e+12 7.19183e+12
 1400 4.15644e+12 4.28014e+12 4.09922e+12 4.09219e+12 4.02791e+12 4.11644e+12 4.07885e+12 4.11875e+12 9.06519e+12
 1600 5.06055e+12 5.22312e+12 4.9897e+12 4.97518e+12 4.89108e+12 5.00287e+12 4.95638e+12 5.01027e+12 1.10559e+13
 1800 6.0133e+12 6.21361e+12 5.9264e+12 5.89836e+12 5.79747e+12 5.93338e+12 5.8764e+12 5.94628e+12 1.31498e+13
 2000 7.01005e+12 7.24417e+12 6.90263e+12 6.86135e+12 6.73996e+12 6.90104e+12 6.83412e+12 6.92138e+12 1.53424e+13
 2200 8.04849e+12 8.31374e+12 7.91736e+12 7.85897e+12 7.71419e+12 7.9036e+12 7.82559e+12 7.93263e+12 1.76156e+13
 2400 9.12735e+12 9.42101e+12 8.96858e+12 8.88949e+12 8.71637e+12 8.93788e+12 8.84792e+12 8.97767e+12 1.99644e+13
 2600 1.02365e+13 1.05576e+13 1.00501e+13 9.94939e+12 9.74204e+12 9.99841e+12 9.89661e+12 1.00505e+13 2.23817e+13
 2800 1.13761e+13 1.17252e+13 1.11613e+13 1.10358e+13 1.07908e+13 1.10861e+13 1.09709e+13 1.11509e+13 2.48567e+13
 3000 1.25422e+13 1.29193e+13 1.23008e+13 1.2146e+13 1.18639e+13 1.21936e+13 1.20678e+13 1.22757e+13 2.73852e+13
 3200 1.37351e+13 1.41404e+13 1.34649e+13 1.32734e+13 1.29583e+13 1.33173e+13 1.3183e+13 1.34218e+13 2.99665e+13
 3400 1.495e+13 1.53861e+13 1.46492e+13 1.44143e+13 1.40706e+13 1.44613e+13 1.43154e+13 1.45873e+13 3.25951e+13
 3600 1.61852e+13 1.66517e+13 1.58529e+13 1.55654e+13 1.52005e+13 1.56243e+13 1.54634e+13 1.577e+13 3.52717e+13
 3800 1.744e+13 1.79358e+13 1.70723e+13 1.67207e+13 1.63463e+13 1.68008e+13 1.66226e+13 1.69666e+13 3.80053e+13
 4000 1.87121e+13 1.92371e+13 1.83061e+13 1.78809e+13 1.75041e+13 1.79884e+13 1.77912e+13 1.81754e+13 4.07962e+13
 4000 1.87766e+13 1.91196e+13 1.87326e+13 1.80562e+13 1.74568e+13 1.79024e+13 1.78052e+13 1.82336e+13 4.05923e+13
 8000 4.62786e+13 4.72095e+13 4.51831e+13 4.27909e+13 4.31487e+13 4.21629e+13 4.27008e+13 4.411e+13 1.03863e+14
 12000 7.62492e+13 7.57379e+13 7.53002e+13 6.99539e+13 6.99791e+13 6.69394e+13 6.89575e+13 7.16795e+13 1.73696e+14
 16000 1.05643e+14 1.0439e+14 1.06748e+14 9.84069e+13 9.80457e+13 9.08374e+13 9.57633e+13 9.96954e+13 2.45068e+14
 20000 1.35919e+14 1.3363e+14 1.37843e+14 1.27933e+14 1.26188e+14 1.14615e+14 1.22912e+14 1.28066e+14 3.20433e+14
 24000 1.64986e+14 1.64151e+14 1.68344e+14 1.58407e+14 1.5425e+14 1.38266e+14 1.50308e+14 1.56516e+14 3.96907e+14
 28000 1.9249e+14 1.95246e+14 1.99577e+14 1.89674e+14 1.81369e+14 1.61987e+14 1.77677e+14 1.84914e+14 4.76493e+14
 32000 2.21736e+14 2.27289e+14 2.32564e+14 2.23036e+14 2.06477e+14 1.84538e+14 2.04684e+14 2.13689e+14 5.59264e+14
 36000 2.53911e+14 2.60609e+14 2.66992e+14 2.56995e+14 2.30585e+14 2.04535e+14 2.30705e+14 2.42625e+14 6.43026e+14
 40000 2.88132e+14 2.95601e+14 3.0218e+14 2.92836e+14 2.54543e+14 2.24559e+14 2.57313e+14 2.72509e+14 7.22077e+14
 44000 3.2177e+14 3.30204e+14 3.3806e+14 3.2912e+14 2.7728e+14 2.45141e+14 2.83847e+14 3.02313e+14 7.95657e+14
 48000 3.56006e+14 3.64977e+14 3.74796e+14 3.65281e+14 2.99098e+14 2.65697e+14 3.10025e+14 3.32119e+14 8.71156e+14
 52000 3.90712e+14 3.99246e+14 4.11874e+14 4.01012e+14 3.20941e+14 2.85158e+14 3.35703e+14 3.61666e+14 9.4716e+14
 56000 4.27234e+14 4.35189e+14 4.50345e+14 4.35839e+14 3.42615e+14 3.02731e+14 3.60395e+14 3.91273e+14 1.02244e+15
 60000 4.64019e+14 4.71148e+14 4.89692e+14 4.70498e+14 3.65638e+14 3.20024e+14 3.85387e+14 4.21213e+14 1.0972e+15
 64000 5.01929e+14 5.06939e+14 5.28901e+14 5.04501e+14 3.87461e+14 3.3993e+14 4.10631e+14 4.51414e+14 1.17195e+15
 68000 5.39809e+14 5.45187e+14 5.698e+14 5.39173e+14 4.10273e+14 3.60213e+14 4.36553e+14 4.82571e+14 1.24997e+15
 72000 5.7627e+14 5.84584e+14 6.09939e+14 5.72727e+14 4.34117e+14 3.80073e+14 4.62306e+14 5.13489e+14 1.33286e+15
 76000 6.10553e+14 6.23868e+14 6.49694e+14 6.06691e+14 4.59317e+14 3.98886e+14 4.88298e+14 5.44194e+14 1.4164e+15
 80000 6.44333e+14 6.63257e+14 6.89628e+14 6.4184e+14 4.85428e+14 4.15994e+14 5.14421e+14 5.74948e+14 1.5053e+15
 80000 7.15828e+14 5.95251e+14 6.93517e+14 6.60857e+14 4.73308e+14 3.77138e+14 5.03768e+14 5.6954e+14 1.27606e+15
 160000 1.19487e+15 1.34658e+15 1.47863e+15 1.43081e+15 9.6703e+14 6.57592e+14 1.01848e+15 1.1471e+15 3.212e+15
 240000 1.84238e+15 2.55761e+15 2.2429e+15 2.3424e+15 1.45433e+15 9.16597e+14 1.57111e+15 1.82838e+15 4.55193e+15
 320000 2.78668e+15 3.76917e+15 3.01251e+15 3.19364e+15 1.86271e+15 1.32123e+15 2.12586e+15 2.5513e+15 5.85627e+15
 400000 3.70864e+15 5.29279e+15 3.41086e+15 4.0547e+15 2.13026e+15 1.70709e+15 2.63068e+15 3.23338e+15 7.60413e+15
 480000 4.77016e+15 7.02831e+15 4.14119e+15 4.76382e+15 2.3864e+15 1.8483e+15 2.9995e+15 3.92499e+15 9.66011e+15
 560000 6.08102e+15 9.15059e+15 5.16772e+15 5.69006e+15 2.50906e+15 2.15172e+15 3.45028e+15 4.79008e+15 1.13629e+16
 640000 7.23349e+15 1.1541e+16 5.92838e+15 6.63882e+15 2.64026e+15 2.53062e+15 3.93657e+15 5.65565e+15 1.29895e+16
 720000 8.63704e+15 1.42608e+16 6.74283e+15 7.51655e+15 2.76492e+15 2.86088e+15 4.38078e+15 6.58056e+15 1.45501e+16
 800000 1.04392e+16 1.72075e+16 7.76262e+15 8.4409e+15 2.97454e+15 3.28247e+15 4.8993e+15 7.66083e+15 1.57664e+16
 880000 1.18369e+16 2.03591e+16 8.45368e+15 9.3687e+15 3.18126e+15 3.68238e+15 5.41078e+15 8.66642e+15 1.68238e+16
 960000 1.36121e+16 2.36765e+16 9.28494e+15 1.02198e+16 3.31965e+15 3.74215e+15 5.76052e+15 9.66611e+15 1.76959e+16
 1.04e+06 1.55213e+16 2.75699e+16 1.02068e+16 1.10474e+16 3.57673e+15 3.6922e+15 6.10544e+15 1.07697e+16 1.80063e+16
 1.12e+06 1.74701e+16 3.16128e+16 1.10602e+16 1.17446e+16 4.09485e+15 3.76428e+15 6.53456e+15 1.19398e+16 1.85751e+16
 1.2e+06 1.97671e+16 3.56011e+16 1.19955e+16 1.18677e+16 4.55536e+15 3.76497e+15 6.72934e+15 1.30194e+16 1.97336e+16
 1.28e+06 2.18437e+16 3.96823e+16 1.28357e+16 1.15114e+16 4.90883e+15 3.84976e+15 6.75666e+15 1.39689e+16 2.11138e+16
 1.36e+06 2.34455e+16 4.36677e+16 1.29551e+16 1.08432e+16 5.20809e+15 4.10243e+15 6.7179e+15 1.47065e+16 2.28036e+16
 1.44e+06 2.5148e+16 4.79482e+16 1.33102e+16 1.02773e+16 5.38172e+15 4.30443e+15 6.65448e+15 1.55135e+16 2.47404e+16
 1.52e+06 2.67609e+16 5.22515e+16 1.40816e+16 1.00011e+16 5.50175e+15 4.31799e+15 6.60694e+15 1.63767e+16 2.73873e+16
 1.6e+06 2.80398e+16 5.66908e+16 1.47125e+16 9.81923e+15 5.44951e+15 4.43319e+15 6.56731e+15 1.71995e+16 3.05939e+16
 1.6e+06 3.64882e+16 6.12659e+16 1.28369e+16 2.06886e+16 4.31859e+15 3.16134e+15 9.38952e+15 2.03792e+16 3.68795e+16
 3.2e+06 8.83521e+16 1.58986e+17 1.62417e+16 1.26671e+16 8.61491e+15 1.18725e+16 1.10515e+16 4.17749e+16 5.51554e+16
 4.8e+06 2.23036e+17 2.34162e+17 1.35394e+14 5.19055e+16 5.96174e+15 1.56692e+16 2.45121e+16 7.56851e+16 1.11548e+15
