#NOTE: MSDs should be divided by the temperature.
#NOTE: MSDs have been divided by 2 or 10 (i.e., the viscosity computed from all components).
#Time	MSD_xx	MSD_yy	MSD_zz	MSD_xy	MSD_xz	MSD_yz	MSD_off	MSD_all	MSD_bulkvisc
 10 2.11819e+09 2.12142e+09 2.09579e+09 2.10303e+09 2.11257e+09 2.1116e+09 2.10906e+09 2.11016e+09 2.6064e+09
 20 7.65996e+09 7.67248e+09 7.56884e+09 7.59606e+09 7.63479e+09 7.63277e+09 7.62121e+09 7.62623e+09 9.97743e+09
 30 1.54009e+10 1.54275e+10 1.51957e+10 1.52542e+10 1.53385e+10 1.53356e+10 1.53094e+10 1.53222e+10 2.13369e+10
 40 2.43952e+10 2.44395e+10 2.40374e+10 2.41381e+10 2.42768e+10 2.42681e+10 2.42277e+10 2.42529e+10 3.60047e+10
 50 3.4027e+10 3.40966e+10 3.34899e+10 3.36459e+10 3.38351e+10 3.38142e+10 3.37651e+10 3.38075e+10 5.34446e+10
 60 4.38755e+10 4.39847e+10 4.31404e+10 4.33688e+10 4.35947e+10 4.35577e+10 4.35071e+10 4.3571e+10 7.31986e+10
 70 5.36954e+10 5.38628e+10 5.27453e+10 5.30658e+10 5.33112e+10 5.32586e+10 5.32119e+10 5.33009e+10 9.48919e+10
 80 6.34687e+10 6.37109e+10 6.22808e+10 6.27107e+10 6.29619e+10 6.28956e+10 6.28561e+10 6.2975e+10 1.18239e+11
 90 7.33304e+10 7.36586e+10 7.18741e+10 7.24252e+10 7.26737e+10 7.25957e+10 7.25649e+10 7.27207e+10 1.4303e+11
 100 8.35035e+10 8.39246e+10 8.17415e+10 8.24172e+10 8.26615e+10 8.25749e+10 8.25512e+10 8.27533e+10 1.69139e+11
 110 9.42513e+10 9.47712e+10 9.21394e+10 9.29425e+10 9.31886e+10 9.30965e+10 9.30759e+10 9.33338e+10 1.9652e+11
 120 1.05799e+11 1.06422e+11 1.03289e+11 1.04228e+11 1.04488e+11 1.04386e+11 1.04368e+11 1.04688e+11 2.25156e+11
 130 1.18274e+11 1.19002e+11 1.1532e+11 1.16405e+11 1.16698e+11 1.16568e+11 1.16557e+11 1.16947e+11 2.55015e+11
 140 1.31703e+11 1.32534e+11 1.28264e+11 1.29496e+11 1.29847e+11 1.29667e+11 1.2967e+11 1.30135e+11 2.86041e+11
 150 1.46024e+11 1.46955e+11 1.42066e+11 1.43433e+11 1.43872e+11 1.4362e+11 1.43642e+11 1.44191e+11 3.1815e+11
 160 1.6111e+11 1.62144e+11 1.56607e+11 1.58092e+11 1.58643e+11 1.58303e+11 1.58346e+11 1.58989e+11 3.5124e+11
 170 1.76813e+11 1.77959e+11 1.7174e+11 1.7333e+11 1.74008e+11 1.73565e+11 1.73634e+11 1.74382e+11 3.85209e+11
 180 1.93e+11 1.94273e+11 1.87332e+11 1.89023e+11 1.8984e+11 1.89273e+11 1.89379e+11 1.90241e+11 4.19966e+11
 190 2.09577e+11 2.10987e+11 2.03286e+11 2.05075e+11 2.06042e+11 2.05337e+11 2.05485e+11 2.06471e+11 4.5544e+11
 200 2.26493e+11 2.28047e+11 2.19551e+11 2.21428e+11 2.22564e+11 2.21714e+11 2.21902e+11 2.2302e+11 4.91583e+11
 200 2.25385e+11 2.27789e+11 2.19988e+11 2.20808e+11 2.2252e+11 2.21964e+11 2.21764e+11 2.22813e+11 4.89328e+11
 400 6.45713e+11 6.55536e+11 6.24399e+11 6.2196e+11 6.31662e+11 6.25616e+11 6.26413e+11 6.32601e+11 1.3521e+12
 600 1.20757e+12 1.22817e+12 1.16518e+12 1.14861e+12 1.17117e+12 1.15767e+12 1.15915e+12 1.17561e+12 2.48191e+12
 800 1.88336e+12 1.91823e+12 1.81962e+12 1.77932e+12 1.81297e+12 1.78777e+12 1.79335e+12 1.82551e+12 3.85473e+12
 1000 2.65379e+12 2.7035e+12 2.56371e+12 2.49601e+12 2.53454e+12 2.50042e+12 2.51032e+12 2.56233e+12 5.4161e+12
 1200 3.50637e+12 3.57647e+12 3.38607e+12 3.28273e+12 3.32372e+12 3.28773e+12 3.29806e+12 3.37469e+12 7.13005e+12
 1400 4.42803e+12 4.52625e+12 4.27273e+12 4.12953e+12 4.17383e+12 4.13672e+12 4.14669e+12 4.25162e+12 9.00418e+12
 1600 5.40758e+12 5.54168e+12 5.21507e+12 5.02427e+12 5.0768e+12 5.03518e+12 5.04542e+12 5.18249e+12 1.1007e+13
 1800 6.43587e+12 6.61689e+12 6.20282e+12 5.95999e+12 6.02065e+12 5.97363e+12 5.98475e+12 6.15826e+12 1.31254e+13
 2000 7.50539e+12 7.74391e+12 7.23012e+12 6.93227e+12 7.0004e+12 6.94833e+12 6.96033e+12 7.17346e+12 1.53497e+13
 2200 8.61157e+12 8.92167e+12 8.29357e+12 7.93864e+12 8.01304e+12 7.95368e+12 7.96845e+12 8.22465e+12 1.76729e+13
 2400 9.75448e+12 1.01476e+13 9.38991e+12 8.97119e+12 9.0563e+12 8.99088e+12 9.00612e+12 9.30927e+12 2.00732e+13
 2600 1.09352e+13 1.14144e+13 1.05135e+13 1.00243e+13 1.01344e+13 1.00544e+13 1.0071e+13 1.04244e+13 2.25548e+13
 2800 1.21457e+13 1.27175e+13 1.16592e+13 1.10962e+13 1.12414e+13 1.11446e+13 1.11607e+13 1.15661e+13 2.51058e+13
 3000 1.33823e+13 1.40587e+13 1.28241e+13 1.21856e+13 1.23707e+13 1.22557e+13 1.22707e+13 1.27311e+13 2.77298e+13
 3200 1.4642e+13 1.54334e+13 1.40076e+13 1.32927e+13 1.35172e+13 1.3383e+13 1.33976e+13 1.39163e+13 3.0419e+13
 3400 1.592e+13 1.68425e+13 1.52075e+13 1.44172e+13 1.46821e+13 1.45273e+13 1.45422e+13 1.51213e+13 3.31653e+13
 3600 1.72114e+13 1.82798e+13 1.6423e+13 1.55568e+13 1.58616e+13 1.56854e+13 1.57013e+13 1.63426e+13 3.59628e+13
 3800 1.85207e+13 1.9746e+13 1.76542e+13 1.67153e+13 1.70578e+13 1.68589e+13 1.68774e+13 1.75825e+13 3.88008e+13
 4000 1.98452e+13 2.1241e+13 1.88985e+13 1.7889e+13 1.82699e+13 1.80399e+13 1.80663e+13 1.88377e+13 4.16745e+13
 4000 2.03178e+13 2.21657e+13 1.94334e+13 1.75204e+13 1.79315e+13 1.8166e+13 1.78726e+13 1.89792e+13 4.08931e+13
 8000 4.83545e+13 5.59732e+13 4.48378e+13 4.12678e+13 4.41356e+13 4.11614e+13 4.21882e+13 4.52017e+13 1.03566e+14
 12000 8.04641e+13 9.26876e+13 7.10838e+13 6.54642e+13 7.01612e+13 6.46454e+13 6.67569e+13 7.26189e+13 1.76889e+14
 16000 1.14226e+14 1.30107e+14 9.72005e+13 8.96156e+13 9.54503e+13 8.67377e+13 9.06012e+13 9.98985e+13 2.51163e+14
 20000 1.49585e+14 1.68449e+14 1.24148e+14 1.12453e+14 1.21702e+14 1.09268e+14 1.14474e+14 1.27642e+14 3.2803e+14
 24000 1.85811e+14 2.08764e+14 1.52037e+14 1.3612e+14 1.48662e+14 1.32158e+14 1.3898e+14 1.5627e+14 4.06733e+14
 28000 2.24473e+14 2.50238e+14 1.81919e+14 1.60551e+14 1.75674e+14 1.55098e+14 1.63774e+14 1.85815e+14 4.82395e+14
 32000 2.63931e+14 2.91299e+14 2.13167e+14 1.84412e+14 2.02614e+14 1.76632e+14 1.87886e+14 2.15185e+14 5.49626e+14
 36000 3.01559e+14 3.32259e+14 2.42412e+14 2.08094e+14 2.31442e+14 1.99141e+14 2.12892e+14 2.44566e+14 6.05867e+14
 40000 3.38344e+14 3.73528e+14 2.68183e+14 2.3196e+14 2.62311e+14 2.21002e+14 2.38424e+14 2.73729e+14 6.57918e+14
 44000 3.75437e+14 4.17875e+14 2.94148e+14 2.5764e+14 2.94552e+14 2.42324e+14 2.64839e+14 3.03898e+14 7.09948e+14
 48000 4.14622e+14 4.64071e+14 3.18618e+14 2.81427e+14 3.27839e+14 2.63114e+14 2.90793e+14 3.34117e+14 7.62048e+14
 52000 4.55648e+14 5.09799e+14 3.41764e+14 3.03834e+14 3.61039e+14 2.83508e+14 3.16127e+14 3.63971e+14 8.10849e+14
 56000 4.97202e+14 5.58667e+14 3.64757e+14 3.25731e+14 3.93902e+14 3.02117e+14 3.40583e+14 3.93767e+14 8.5637e+14
 60000 5.36955e+14 6.09726e+14 3.8611e+14 3.47058e+14 4.27129e+14 3.20602e+14 3.6493e+14 4.2333e+14 9.03872e+14
 64000 5.78363e+14 6.60636e+14 4.07138e+14 3.66739e+14 4.61681e+14 3.37277e+14 3.88566e+14 4.52624e+14 9.51399e+14
 68000 6.21066e+14 7.12601e+14 4.28558e+14 3.85884e+14 4.96842e+14 3.52023e+14 4.11583e+14 4.81913e+14 1.00214e+15
 72000 6.64504e+14 7.6672e+14 4.49424e+14 4.04788e+14 5.31963e+14 3.66351e+14 4.34367e+14 5.11373e+14 1.05458e+15
 76000 7.08678e+14 8.2304e+14 4.69458e+14 4.24752e+14 5.6642e+14 3.81962e+14 4.57711e+14 5.4145e+14 1.10874e+15
 80000 7.54522e+14 8.82016e+14 4.90634e+14 4.45506e+14 5.99992e+14 3.97968e+14 4.81155e+14 5.72316e+14 1.15874e+15
 80000 9.14109e+14 9.17378e+14 4.86054e+14 4.42583e+14 6.75373e+14 4.31508e+14 5.16488e+14 6.18898e+14 1.27034e+15
 160000 1.78221e+15 2.16391e+15 8.59784e+14 5.72175e+14 1.41156e+15 6.81593e+14 8.88444e+14 1.17385e+15 2.38657e+15
 240000 1.9401e+15 2.83527e+15 1.20667e+15 7.98165e+14 1.62506e+15 8.05705e+14 1.07631e+15 1.44339e+15 4.24109e+15
 320000 2.19559e+15 3.31036e+15 1.4617e+15 9.29433e+14 1.66164e+15 1.06346e+15 1.21818e+15 1.65993e+15 5.84248e+15
 400000 2.73542e+15 4.12137e+15 1.86692e+15 1.44424e+15 1.85413e+15 1.36721e+15 1.55519e+15 2.09628e+15 7.42626e+15
 480000 3.09063e+15 4.98811e+15 2.01264e+15 1.60874e+15 2.16489e+15 1.59359e+15 1.78907e+15 2.41896e+15 8.81898e+15
 560000 3.13755e+15 5.48514e+15 2.12047e+15 1.93547e+15 2.28481e+15 1.98675e+15 2.06901e+15 2.67383e+15 9.08814e+15
 640000 3.00375e+15 5.63067e+15 2.29758e+15 2.24472e+15 2.4407e+15 2.20868e+15 2.29803e+15 2.83642e+15 9.8552e+15
 720000 2.26509e+15 5.44762e+15 2.44577e+15 2.71741e+15 2.49589e+15 2.40208e+15 2.53846e+15 2.87754e+15 1.05218e+16
 800000 1.84895e+15 5.53707e+15 2.59481e+15 2.9856e+15 1.98032e+15 2.79767e+15 2.58787e+15 2.8835e+15 1.20543e+16
 880000 2.24405e+15 5.86329e+15 2.83256e+15 3.7698e+15 1.56908e+15 2.94529e+15 2.76139e+15 3.11549e+15 1.31273e+16
 960000 2.79229e+15 6.06602e+15 2.87873e+15 4.06701e+15 1.46876e+15 3.20691e+15 2.91423e+15 3.31347e+15 1.37028e+16
 1.04e+06 3.1957e+15 6.43795e+15 2.82498e+15 4.70834e+15 1.52014e+15 3.63211e+15 3.28686e+15 3.63327e+15 1.38079e+16
 1.12e+06 3.3007e+15 6.18936e+15 2.73129e+15 5.10759e+15 1.34956e+15 4.09446e+15 3.51721e+15 3.73984e+15 1.39274e+16
 1.2e+06 3.40651e+15 5.33717e+15 2.91176e+15 5.73092e+15 1.32996e+15 4.48158e+15 3.84748e+15 3.86255e+15 1.44616e+16
 1.28e+06 3.3917e+15 4.12236e+15 2.87128e+15 5.78178e+15 1.67576e+15 4.98349e+15 4.14701e+15 3.87292e+15 1.34938e+16
 1.36e+06 3.46529e+15 3.49688e+15 2.87646e+15 6.42075e+15 1.88261e+15 5.14526e+15 4.48287e+15 4.00154e+15 1.45401e+16
 1.44e+06 2.84797e+15 3.40415e+15 3.07549e+15 6.54524e+15 1.85193e+15 5.2686e+15 4.55525e+15 3.97683e+15 1.6025e+16
 1.52e+06 1.88906e+15 2.95446e+15 3.78312e+15 6.90701e+15 2.0627e+15 5.45775e+15 4.80916e+15 4.03571e+15 1.76288e+16
 1.6e+06 1.1165e+15 2.67788e+15 4.36443e+15 7.48493e+15 2.83833e+15 6.26398e+15 5.52908e+15 4.40529e+15 1.97688e+16
 1.6e+06 5.18572e+14 4.46354e+14 1.92714e+15 1.73126e+16 7.33347e+15 2.06117e+16 1.50859e+16 9.43715e+15 1.13103e+16
