#NOTE: MSDs should be divided by the temperature.
#NOTE: MSDs have been divided by 2 or 10 (i.e., the viscosity computed from all components).
#Time	MSD_xx	MSD_yy	MSD_zz	MSD_xy	MSD_xz	MSD_yz	MSD_off	MSD_all	MSD_bulkvisc
 10 2.16447e+09 2.1748e+09 2.17031e+09 2.16881e+09 2.15797e+09 2.15539e+09 2.16072e+09 2.16438e+09 2.69028e+09
 20 7.80261e+09 7.84139e+09 7.82235e+09 7.81833e+09 7.77806e+09 7.76807e+09 7.78815e+09 7.80174e+09 1.0277e+10
 30 1.56232e+10 1.57029e+10 1.56586e+10 1.56536e+10 1.55699e+10 1.55455e+10 1.55897e+10 1.56184e+10 2.19087e+10
 40 2.46378e+10 2.47648e+10 2.46871e+10 2.4682e+10 2.45454e+10 2.44928e+10 2.45734e+10 2.46227e+10 3.68335e+10
 50 3.42055e+10 3.43799e+10 3.42658e+10 3.42582e+10 3.40594e+10 3.39589e+10 3.40922e+10 3.41688e+10 5.4466e+10
 60 4.39129e+10 4.4131e+10 4.3981e+10 4.39666e+10 4.3693e+10 4.35218e+10 4.37271e+10 4.38396e+10 7.43313e+10
 70 5.35577e+10 5.38153e+10 5.36311e+10 5.36077e+10 5.32436e+10 5.29771e+10 5.32762e+10 5.34329e+10 9.60725e+10
 80 6.31694e+10 6.34659e+10 6.32488e+10 6.32215e+10 6.27462e+10 6.23614e+10 6.27764e+10 6.29837e+10 1.19451e+11
 90 7.29236e+10 7.32651e+10 7.30151e+10 7.29991e+10 7.23849e+10 7.18632e+10 7.24157e+10 7.26766e+10 1.44322e+11
 100 8.3067e+10 8.34652e+10 8.31797e+10 8.31985e+10 8.24094e+10 8.17392e+10 8.24491e+10 8.27644e+10 1.70617e+11
 110 9.38564e+10 9.43254e+10 9.39973e+10 9.40783e+10 9.30724e+10 9.22489e+10 9.31332e+10 9.35038e+10 1.9831e+11
 120 1.05483e+11 1.06038e+11 1.05658e+11 1.05824e+11 1.04561e+11 1.03585e+11 1.04657e+11 1.05085e+11 2.2736e+11
 130 1.18027e+11 1.18679e+11 1.18244e+11 1.18508e+11 1.16956e+11 1.15827e+11 1.17097e+11 1.17585e+11 2.57692e+11
 140 1.31463e+11 1.32225e+11 1.31739e+11 1.32103e+11 1.30239e+11 1.2895e+11 1.30431e+11 1.30982e+11 2.89205e+11
 150 1.45697e+11 1.4658e+11 1.46054e+11 1.46508e+11 1.4432e+11 1.4286e+11 1.44563e+11 1.45182e+11 3.21791e+11
 160 1.606e+11 1.61613e+11 1.61059e+11 1.61592e+11 1.59072e+11 1.57424e+11 1.59363e+11 1.60054e+11 3.5534e+11
 170 1.76051e+11 1.77198e+11 1.76628e+11 1.77224e+11 1.7437e+11 1.72511e+11 1.74702e+11 1.75471e+11 3.89761e+11
 180 1.91957e+11 1.93242e+11 1.9267e+11 1.93307e+11 1.90116e+11 1.88021e+11 1.90481e+11 1.91338e+11 4.24992e+11
 190 2.08259e+11 2.0969e+11 2.0913e+11 2.09785e+11 2.06251e+11 2.03894e+11 2.06643e+11 2.07596e+11 4.60989e+11
 200 2.24935e+11 2.26521e+11 2.25984e+11 2.26637e+11 2.22746e+11 2.20105e+11 2.23162e+11 2.24223e+11 4.97722e+11
 200 2.24752e+11 2.26035e+11 2.25978e+11 2.27058e+11 2.23457e+11 2.20187e+11 2.23567e+11 2.24376e+11 4.96077e+11
 400 6.41794e+11 6.47404e+11 6.48354e+11 6.49152e+11 6.33548e+11 6.20941e+11 6.34547e+11 6.39068e+11 1.3804e+12
 600 1.1972e+12 1.21084e+12 1.21455e+12 1.21022e+12 1.17774e+12 1.15206e+12 1.18001e+12 1.19102e+12 2.55244e+12
 800 1.86488e+12 1.89033e+12 1.89991e+12 1.88206e+12 1.82749e+12 1.7871e+12 1.83222e+12 1.85335e+12 3.98853e+12
 1000 2.62585e+12 2.66435e+12 2.68217e+12 2.64457e+12 2.5642e+12 2.5089e+12 2.57256e+12 2.60652e+12 5.63565e+12
 1200 3.46425e+12 3.51518e+12 3.54606e+12 3.48516e+12 3.37251e+12 3.30411e+12 3.38726e+12 3.43575e+12 7.45831e+12
 1400 4.36681e+12 4.43174e+12 4.47664e+12 4.38987e+12 4.24115e+12 4.15683e+12 4.26262e+12 4.3276e+12 9.43807e+12
 1600 5.32414e+12 5.40648e+12 5.46828e+12 5.34825e+12 5.16141e+12 5.05993e+12 5.18986e+12 5.27377e+12 1.15492e+13
 1800 6.3314e+12 6.43026e+12 6.509e+12 6.35528e+12 6.12513e+12 6.00903e+12 6.16315e+12 6.26731e+12 1.37811e+13
 2000 7.3819e+12 7.49514e+12 7.59232e+12 7.40556e+12 7.12982e+12 6.99353e+12 7.1763e+12 7.3017e+12 1.61124e+13
 2200 8.46935e+12 8.59508e+12 8.71254e+12 8.4922e+12 8.17073e+12 8.00944e+12 8.22412e+12 8.3714e+12 1.85339e+13
 2400 9.58835e+12 9.72781e+12 9.86378e+12 9.60841e+12 9.24502e+12 9.05325e+12 9.30222e+12 9.47199e+12 2.1029e+13
 2600 1.07343e+13 1.08928e+13 1.10423e+13 1.07523e+13 1.03488e+13 1.01199e+13 1.0407e+13 1.06001e+13 2.35903e+13
 2800 1.19076e+13 1.20873e+13 1.22495e+13 1.19222e+13 1.1478e+13 1.12106e+13 1.15369e+13 1.17548e+13 2.62099e+13
 3000 1.31058e+13 1.33086e+13 1.34857e+13 1.31143e+13 1.26283e+13 1.23247e+13 1.26891e+13 1.29335e+13 2.88773e+13
 3200 1.43259e+13 1.45521e+13 1.47491e+13 1.4326e+13 1.38033e+13 1.34556e+13 1.38616e+13 1.41339e+13 3.15916e+13
 3400 1.5564e+13 1.58173e+13 1.60395e+13 1.55573e+13 1.49955e+13 1.45999e+13 1.50509e+13 1.53533e+13 3.43496e+13
 3600 1.68153e+13 1.71007e+13 1.73533e+13 1.68062e+13 1.62041e+13 1.57595e+13 1.62566e+13 1.65899e+13 3.71478e+13
 3800 1.80805e+13 1.83999e+13 1.86897e+13 1.80723e+13 1.74309e+13 1.69337e+13 1.7479e+13 1.78434e+13 3.99838e+13
 4000 1.93574e+13 1.97142e+13 2.00475e+13 1.9356e+13 1.86742e+13 1.81193e+13 1.87165e+13 1.91124e+13 4.28543e+13
 4000 1.91296e+13 1.95436e+13 1.99722e+13 1.96586e+13 1.86917e+13 1.8426e+13 1.89255e+13 1.91747e+13 4.35421e+13
 8000 4.6842e+13 4.84013e+13 5.12214e+13 4.77707e+13 4.4976e+13 4.46668e+13 4.58045e+13 4.70113e+13 1.04899e+14
 12000 7.51853e+13 7.90374e+13 8.64972e+13 7.85487e+13 7.22792e+13 7.3099e+13 7.46423e+13 7.68813e+13 1.75395e+14
 16000 1.02733e+14 1.09637e+14 1.21874e+14 1.10955e+14 9.92912e+13 1.01889e+14 1.04045e+14 1.06993e+14 2.47102e+14
 20000 1.29106e+14 1.39535e+14 1.57212e+14 1.44643e+14 1.26199e+14 1.31775e+14 1.34206e+14 1.37304e+14 3.19955e+14
 24000 1.56212e+14 1.70499e+14 1.94817e+14 1.79041e+14 1.54253e+14 1.61345e+14 1.6488e+14 1.68465e+14 3.95154e+14
 28000 1.8529e+14 2.03922e+14 2.33484e+14 2.1325e+14 1.82128e+14 1.91264e+14 1.95547e+14 2.00354e+14 4.74723e+14
 32000 2.15501e+14 2.38947e+14 2.73285e+14 2.4818e+14 2.09312e+14 2.21405e+14 2.26299e+14 2.32811e+14 5.5648e+14
 36000 2.46133e+14 2.75053e+14 3.13947e+14 2.83031e+14 2.35643e+14 2.53013e+14 2.57229e+14 2.65688e+14 6.41833e+14
 40000 2.74562e+14 3.11786e+14 3.53684e+14 3.18e+14 2.62757e+14 2.83426e+14 2.88061e+14 2.98174e+14 7.30639e+14
 44000 3.02797e+14 3.49296e+14 3.93351e+14 3.52581e+14 2.90975e+14 3.14671e+14 3.19409e+14 3.31038e+14 8.24502e+14
 48000 3.31661e+14 3.88299e+14 4.32686e+14 3.86557e+14 3.19509e+14 3.45736e+14 3.50601e+14 3.64046e+14 9.21515e+14
 52000 3.60368e+14 4.2734e+14 4.72307e+14 4.2156e+14 3.46077e+14 3.77919e+14 3.81852e+14 3.97113e+14 1.02146e+15
 56000 3.89655e+14 4.66123e+14 5.13459e+14 4.5751e+14 3.73241e+14 4.10236e+14 4.13662e+14 4.30762e+14 1.12217e+15
 60000 4.1817e+14 5.06283e+14 5.56996e+14 4.935e+14 4.01567e+14 4.42985e+14 4.46017e+14 4.65137e+14 1.22244e+15
 64000 4.45441e+14 5.47619e+14 6.01313e+14 5.29048e+14 4.31e+14 4.74904e+14 4.78317e+14 4.99573e+14 1.32132e+15
 68000 4.7238e+14 5.90029e+14 6.45051e+14 5.64435e+14 4.62149e+14 5.06898e+14 5.11161e+14 5.34358e+14 1.41963e+15
 72000 4.99019e+14 6.33412e+14 6.87964e+14 6.00188e+14 4.92575e+14 5.37473e+14 5.43412e+14 5.68766e+14 1.51491e+15
 76000 5.23816e+14 6.75918e+14 7.29028e+14 6.38174e+14 5.23843e+14 5.68653e+14 5.7689e+14 6.03302e+14 1.60529e+15
 80000 5.48309e+14 7.17882e+14 7.69205e+14 6.77311e+14 5.54414e+14 6.01143e+14 6.10956e+14 6.3796e+14 1.69542e+15
 80000 5.99759e+14 7.39282e+14 8.79198e+14 7.01208e+14 6.19997e+14 5.58939e+14 6.26714e+14 6.71794e+14 1.76257e+15
 160000 1.14478e+15 1.64888e+15 1.56678e+15 1.53463e+15 1.18815e+15 1.39515e+15 1.37265e+15 1.40498e+15 3.70178e+15
 240000 1.7034e+15 2.23531e+15 1.87932e+15 2.07143e+15 1.74652e+15 2.29586e+15 2.03794e+15 1.9985e+15 5.42596e+15
 320000 2.29127e+15 2.69532e+15 1.9545e+15 2.60793e+15 2.30216e+15 3.35031e+15 2.75347e+15 2.57756e+15 7.48468e+15
 400000 2.86037e+15 3.11706e+15 1.86835e+15 3.15852e+15 2.92365e+15 4.54656e+15 3.54291e+15 3.17185e+15 8.99602e+15
 480000 3.52158e+15 3.58031e+15 1.81511e+15 3.77628e+15 3.50416e+15 5.93907e+15 4.4065e+15 3.83283e+15 1.07933e+16
 560000 4.01736e+15 4.17537e+15 1.74523e+15 4.58558e+15 4.19928e+15 7.31455e+15 5.36647e+15 4.54494e+15 1.22691e+16
 640000 4.62119e+15 4.87679e+15 1.84341e+15 5.27919e+15 5.09325e+15 8.69056e+15 6.35433e+15 5.32478e+15 1.38402e+16
 720000 5.37404e+15 5.45557e+15 1.88494e+15 6.20106e+15 6.21866e+15 1.0004e+16 7.47457e+15 6.18001e+15 1.59909e+16
 800000 5.94793e+15 6.0992e+15 2.06472e+15 7.01481e+15 7.36724e+15 1.11249e+16 8.50232e+15 6.98297e+15 1.80196e+16
 880000 6.34105e+15 6.87227e+15 2.00385e+15 7.5124e+15 8.59553e+15 1.23603e+16 9.48939e+15 7.72259e+15 2.06073e+16
 960000 6.7165e+15 7.7193e+15 1.90411e+15 7.97355e+15 9.84577e+15 1.35826e+16 1.04673e+16 8.45905e+15 2.30687e+16
 1.04e+06 7.0613e+15 8.41683e+15 1.82714e+15 8.49259e+15 1.0899e+16 1.47852e+16 1.13922e+16 9.14271e+15 2.55995e+16
 1.12e+06 7.64728e+15 9.13165e+15 1.78867e+15 9.13639e+15 1.21068e+16 1.60861e+16 1.24431e+16 9.94154e+15 2.81058e+16
 1.2e+06 8.41617e+15 9.97363e+15 1.82388e+15 1.00042e+16 1.35894e+16 1.72742e+16 1.36226e+16 1.08687e+16 3.02795e+16
 1.28e+06 9.14758e+15 1.1032e+16 1.76062e+15 1.08337e+16 1.51251e+16 1.88969e+16 1.49519e+16 1.18965e+16 3.2364e+16
 1.36e+06 1.00912e+16 1.19254e+16 1.73947e+15 1.17234e+16 1.65002e+16 2.05477e+16 1.62571e+16 1.29217e+16 3.43749e+16
 1.44e+06 1.10178e+16 1.29947e+16 1.50295e+15 1.26641e+16 1.81267e+16 2.2302e+16 1.76976e+16 1.40206e+16 3.62172e+16
 1.52e+06 1.17615e+16 1.4226e+16 1.48684e+15 1.34663e+16 1.967e+16 2.42684e+16 1.91349e+16 1.51442e+16 3.84485e+16
 1.6e+06 1.27125e+16 1.54935e+16 1.61898e+15 1.42846e+16 2.11722e+16 2.62558e+16 2.05709e+16 1.63192e+16 4.07243e+16
 1.6e+06 1.67126e+16 1.43091e+16 1.76536e+15 1.03061e+16 2.20179e+16 2.01321e+16 1.74853e+16 1.48628e+16 4.21894e+16
 3.2e+06 3.9991e+16 2.58817e+16 4.77909e+15 2.86368e+16 3.01891e+16 5.61149e+16 3.83136e+16 3.24084e+16 7.14907e+16
 4.8e+06 5.94964e+16 3.71909e+16 4.0124e+15 2.1288e+16 1.88363e+16 5.18395e+16 3.06546e+16 3.18194e+16 7.83639e+15
 6.4e+06 3.72817e+16 1.21556e+16 6.86117e+15 1.36087e+16 6.22838e+16 2.59875e+16 3.396e+16 2.78824e+16 3.72513e+16
