#NOTE: MSDs should be divided by the temperature.
#NOTE: MSDs have been divided by 2 or 10 (i.e., the viscosity computed from all components).
#Time	MSD_xx	MSD_yy	MSD_zz	MSD_xy	MSD_xz	MSD_yz	MSD_off	MSD_all	MSD_bulkvisc
 10 2.13113e+09 2.1372e+09 2.09803e+09 2.1572e+09 2.1064e+09 2.12105e+09 2.12821e+09 2.12578e+09 2.59931e+09
 20 7.70945e+09 7.72595e+09 7.5735e+09 7.80994e+09 7.60086e+09 7.66301e+09 7.69127e+09 7.68261e+09 9.95129e+09
 30 1.54985e+10 1.55256e+10 1.52034e+10 1.5729e+10 1.52357e+10 1.53828e+10 1.54491e+10 1.54331e+10 2.12875e+10
 40 2.45378e+10 2.45815e+10 2.40526e+10 2.49645e+10 2.40452e+10 2.43133e+10 2.4441e+10 2.44209e+10 3.59371e+10
 50 3.42009e+10 3.42773e+10 3.35181e+10 3.49005e+10 3.3407e+10 3.38241e+10 3.40439e+10 3.40258e+10 5.33723e+10
 60 4.40578e+10 4.41919e+10 4.31842e+10 4.51103e+10 4.29001e+10 4.34901e+10 4.38335e+10 4.38246e+10 7.31435e+10
 70 5.38563e+10 5.40797e+10 5.28069e+10 5.53451e+10 5.22823e+10 5.30675e+10 5.3565e+10 5.35714e+10 9.48827e+10
 80 6.35813e+10 6.39225e+10 6.23767e+10 6.55824e+10 6.15406e+10 6.25405e+10 6.32212e+10 6.32501e+10 1.18309e+11
 90 7.33815e+10 7.3853e+10 7.20409e+10 7.59492e+10 7.08167e+10 7.20383e+10 7.29347e+10 7.29976e+10 1.43211e+11
 100 8.34882e+10 8.40971e+10 8.20246e+10 8.66625e+10 8.03372e+10 8.17758e+10 8.29251e+10 8.30364e+10 1.69456e+11
 110 9.41717e+10 9.49233e+10 9.25818e+10 9.79876e+10 9.0369e+10 9.20171e+10 9.34579e+10 9.36317e+10 1.96993e+11
 120 1.05663e+11 1.06559e+11 1.03918e+11 1.10154e+11 1.0115e+11 1.02994e+11 1.04766e+11 1.05012e+11 2.25799e+11
 130 1.18089e+11 1.1913e+11 1.16147e+11 1.23288e+11 1.12824e+11 1.1484e+11 1.16984e+11 1.17306e+11 2.55839e+11
 140 1.31476e+11 1.32653e+11 1.29292e+11 1.37408e+11 1.25422e+11 1.27576e+11 1.30135e+11 1.30537e+11 2.8706e+11
 150 1.45757e+11 1.47066e+11 1.43293e+11 1.52444e+11 1.38884e+11 1.41132e+11 1.44153e+11 1.44641e+11 3.19385e+11
 160 1.60801e+11 1.62241e+11 1.58031e+11 1.68268e+11 1.53079e+11 1.55372e+11 1.58906e+11 1.59487e+11 3.52706e+11
 170 1.76456e+11 1.78026e+11 1.73369e+11 1.8474e+11 1.67852e+11 1.70138e+11 1.74244e+11 1.74926e+11 3.86913e+11
 180 1.92593e+11 1.94287e+11 1.89183e+11 2.01743e+11 1.83061e+11 1.85296e+11 1.90033e+11 1.90828e+11 4.21909e+11
 190 2.09115e+11 2.10925e+11 2.05384e+11 2.19188e+11 1.9859e+11 2.00761e+11 2.0618e+11 2.07098e+11 4.57617e+11
 200 2.2596e+11 2.27891e+11 2.21926e+11 2.37014e+11 2.14376e+11 2.16501e+11 2.22631e+11 2.23682e+11 4.93985e+11
 200 2.2439e+11 2.29246e+11 2.21828e+11 2.40304e+11 2.1556e+11 2.16558e+11 2.24141e+11 2.24546e+11 4.93493e+11
 400 6.40646e+11 6.54031e+11 6.36858e+11 6.80856e+11 5.98838e+11 6.01128e+11 6.26941e+11 6.33703e+11 1.34903e+12
 600 1.18704e+12 1.21933e+12 1.19572e+12 1.26387e+12 1.10092e+12 1.1057e+12 1.15683e+12 1.17438e+12 2.4502e+12
 800 1.8353e+12 1.89234e+12 1.87075e+12 1.95916e+12 1.69963e+12 1.70282e+12 1.7872e+12 1.81877e+12 3.77634e+12
 1000 2.5798e+12 2.65048e+12 2.63694e+12 2.74778e+12 2.37549e+12 2.37521e+12 2.49949e+12 2.54866e+12 5.25156e+12
 1200 3.3985e+12 3.48276e+12 3.48211e+12 3.60994e+12 3.12316e+12 3.11529e+12 3.2828e+12 3.35146e+12 6.86754e+12
 1400 4.28647e+12 4.38577e+12 4.39719e+12 4.53939e+12 3.92546e+12 3.90682e+12 4.12389e+12 4.21693e+12 8.63097e+12
 1600 5.22523e+12 5.35271e+12 5.36944e+12 5.51267e+12 4.7719e+12 4.73968e+12 5.00808e+12 5.13117e+12 1.0488e+13
 1800 6.20854e+12 6.3841e+12 6.38422e+12 6.5241e+12 5.65164e+12 5.61127e+12 5.92901e+12 6.08765e+12 1.24351e+13
 2000 7.21997e+12 7.46798e+12 7.43383e+12 7.57836e+12 6.55509e+12 6.50918e+12 6.88088e+12 7.07809e+12 1.44549e+13
 2200 8.24756e+12 8.59686e+12 8.51293e+12 8.67143e+12 7.47172e+12 7.42725e+12 7.8568e+12 8.09506e+12 1.65303e+13
 2400 9.29812e+12 9.76829e+12 9.62397e+12 9.8035e+12 8.40677e+12 8.36958e+12 8.85995e+12 9.14135e+12 1.86493e+13
 2600 1.03802e+13 1.09764e+13 1.0754e+13 1.09675e+13 9.36109e+12 9.32801e+12 9.88552e+12 1.02127e+13 2.08015e+13
 2800 1.14898e+13 1.22144e+13 1.19004e+13 1.2148e+13 1.03397e+13 1.03078e+13 1.09318e+13 1.13064e+13 2.29879e+13
 3000 1.2629e+13 1.34919e+13 1.30597e+13 1.33484e+13 1.13327e+13 1.12978e+13 1.1993e+13 1.24199e+13 2.52393e+13
 3200 1.37905e+13 1.48076e+13 1.42265e+13 1.45767e+13 1.23366e+13 1.22983e+13 1.30705e+13 1.35523e+13 2.7525e+13
 3400 1.49663e+13 1.61521e+13 1.54059e+13 1.58394e+13 1.33518e+13 1.33173e+13 1.41695e+13 1.47049e+13 2.98248e+13
 3600 1.61469e+13 1.75356e+13 1.6598e+13 1.71231e+13 1.43785e+13 1.43452e+13 1.52822e+13 1.58734e+13 3.21533e+13
 3800 1.73435e+13 1.89631e+13 1.77924e+13 1.84303e+13 1.54075e+13 1.53931e+13 1.64103e+13 1.70594e+13 3.4472e+13
 4000 1.8535e+13 2.04145e+13 1.89895e+13 1.97591e+13 1.64417e+13 1.64578e+13 1.75529e+13 1.82569e+13 3.67828e+13
 4000 1.81089e+13 2.06017e+13 2.10053e+13 1.86058e+13 1.43871e+13 1.69402e+13 1.66443e+13 1.79487e+13 3.42398e+13
 8000 4.29519e+13 5.1064e+13 4.54652e+13 4.78465e+13 3.64375e+13 3.89961e+13 4.10934e+13 4.32535e+13 7.83788e+13
 12000 6.96661e+13 7.97683e+13 7.24026e+13 8.05559e+13 5.54101e+13 6.36153e+13 6.65271e+13 6.94945e+13 1.22582e+14
 16000 9.35911e+13 1.08655e+14 9.86763e+13 1.14469e+14 7.40072e+13 8.91298e+13 9.25353e+13 9.56442e+13 1.64812e+14
 20000 1.17107e+14 1.39359e+14 1.287e+14 1.47746e+14 9.7387e+13 1.14346e+14 1.19827e+14 1.23251e+14 1.9841e+14
 24000 1.36741e+14 1.69605e+14 1.57787e+14 1.85218e+14 1.20215e+14 1.3663e+14 1.47355e+14 1.50297e+14 2.29601e+14
 28000 1.50277e+14 1.9856e+14 1.86919e+14 2.30844e+14 1.38434e+14 1.583e+14 1.7586e+14 1.7695e+14 2.60097e+14
 32000 1.64083e+14 2.25827e+14 2.17588e+14 2.75976e+14 1.55849e+14 1.76634e+14 2.0282e+14 2.02691e+14 2.83585e+14
 36000 1.83201e+14 2.4917e+14 2.50954e+14 3.18269e+14 1.75766e+14 1.95538e+14 2.29858e+14 2.29025e+14 3.04359e+14
 40000 2.02531e+14 2.69758e+14 2.79975e+14 3.60237e+14 1.93592e+14 2.10284e+14 2.54704e+14 2.53124e+14 3.23809e+14
 44000 2.23897e+14 2.86691e+14 3.0477e+14 4.00042e+14 2.1142e+14 2.24794e+14 2.78752e+14 2.75966e+14 3.37787e+14
 48000 2.45744e+14 2.9048e+14 3.23263e+14 4.44408e+14 2.33081e+14 2.40514e+14 3.06001e+14 2.98199e+14 3.61694e+14
 52000 2.64164e+14 2.85469e+14 3.38569e+14 4.91769e+14 2.59181e+14 2.57144e+14 3.36032e+14 3.20046e+14 3.8078e+14
 56000 2.80492e+14 2.83942e+14 3.49355e+14 5.36924e+14 2.86569e+14 2.78174e+14 3.67222e+14 3.42172e+14 3.88323e+14
 60000 2.92842e+14 2.82995e+14 3.61738e+14 5.83411e+14 3.11241e+14 2.98503e+14 3.97719e+14 3.63641e+14 3.97355e+14
 64000 3.0875e+14 2.81466e+14 3.72602e+14 6.2988e+14 3.36464e+14 3.13794e+14 4.26713e+14 3.84403e+14 4.10666e+14
 68000 3.25447e+14 2.81503e+14 3.86435e+14 6.75022e+14 3.64633e+14 3.22803e+14 4.54153e+14 4.04943e+14 4.29443e+14
 72000 3.45382e+14 2.89622e+14 3.99747e+14 7.165e+14 3.92585e+14 3.33804e+14 4.80963e+14 4.26545e+14 4.54548e+14
 76000 3.67743e+14 3.05082e+14 4.2155e+14 7.58804e+14 4.211e+14 3.51e+14 5.10301e+14 4.52097e+14 4.72099e+14
 80000 3.89449e+14 3.15782e+14 4.40641e+14 8.0002e+14 4.52712e+14 3.64616e+14 5.39116e+14 4.76252e+14 4.83495e+14
 80000 4.22057e+14 3.36099e+14 3.97892e+14 6.07443e+14 3.53632e+14 6.18747e+14 5.26607e+14 4.70104e+14 4.72181e+13
 160000 9.64809e+14 1.3008e+14 1.04026e+15 1.27726e+15 9.27671e+14 1.2958e+15 1.16691e+15 9.84832e+14 5.48642e+13
 240000 1.13281e+15 3.8805e+14 1.71012e+15 8.32641e+14 7.90855e+14 1.33307e+15 9.85521e+14 1.02211e+15 9.58846e+13
 320000 1.82927e+15 3.15324e+14 2.93373e+15 5.93767e+14 1.33886e+15 2.42061e+15 1.45108e+15 1.54776e+15 1.8845e+14
 400000 3.6188e+15 3.04604e+14 5.69236e+15 2.52294e+15 3.39805e+15 5.27837e+15 3.73312e+15 3.52197e+15 1.6703e+14
 480000 7.27733e+15 8.97525e+12 6.77517e+15 5.54301e+15 5.12864e+15 7.67327e+15 6.11497e+15 5.54385e+15 3.57069e+14
