#NOTE: MSDs should be divided by (temperature^2).
#NOTE: MSDs have been divided by 2.
#Time	MSD_x	MSD_y	MSD_z	MSD_all
 10 11805.9 28542 41113.9 27153.9
 20 47163.6 80518.2 105898 77860
 30 106032 119161 129775 118322
 40 188409 154137 130687 157744
 50 294311 205720 144916 214982
 60 423733 273901 171188 289607
 70 576660 353790 199756 376735
 80 753081 446997 234000 478026
 90 952991 553135 274109 593412
 100 1.17638e+06 669212 314733 720109
 110 1.42325e+06 795520 356168 858311
 120 1.69357e+06 933787 401600 1.00965e+06
 130 1.98736e+06 1.08396e+06 450774 1.17403e+06
 140 2.3046e+06 1.24576e+06 502812 1.35106e+06
 150 2.64528e+06 1.4195e+06 558517 1.5411e+06
 160 3.0094e+06 1.60502e+06 618052 1.74416e+06
 170 3.39695e+06 1.80179e+06 680492 1.95975e+06
 180 3.80792e+06 2.00993e+06 745683 2.18785e+06
 190 4.24232e+06 2.2298e+06 814241 2.42879e+06
 200 4.70013e+06 2.46138e+06 886237 2.68258e+06
 200 4.70018e+06 2.45989e+06 886796 2.68229e+06
 400 1.87707e+07 9.5301e+06 3.01096e+06 1.04373e+07
 600 4.2208e+07 2.1259e+07 6.47029e+06 2.33124e+07
 800 7.50245e+07 3.7658e+07 1.12726e+07 4.13184e+07
 1000 1.17214e+08 5.87256e+07 1.74154e+07 6.44518e+07
 1200 1.68774e+08 8.44595e+07 2.48959e+07 9.27097e+07
 1400 2.29707e+08 1.14861e+08 3.37183e+07 1.26095e+08
 1600 3.00012e+08 1.49929e+08 4.38811e+07 1.64607e+08
 1800 3.79688e+08 1.89662e+08 5.53851e+07 2.08245e+08
 2000 4.68735e+08 2.34064e+08 6.8228e+07 2.57009e+08
 2200 5.67153e+08 2.8313e+08 8.24079e+07 3.10897e+08
 2400 6.74942e+08 3.36861e+08 9.79253e+07 3.69909e+08
 2600 7.921e+08 3.95257e+08 1.14784e+08 4.34047e+08
 2800 9.18628e+08 4.58317e+08 1.32979e+08 5.03308e+08
 3000 1.05453e+09 5.2604e+08 1.52519e+08 5.77695e+08
 3200 1.19979e+09 5.98427e+08 1.73393e+08 6.57204e+08
 3400 1.35443e+09 6.75476e+08 1.95608e+08 7.41837e+08
 3600 1.51843e+09 7.57189e+08 2.19159e+08 8.31593e+08
 3800 1.6918e+09 8.43564e+08 2.44046e+08 9.26472e+08
 4000 1.87454e+09 9.34601e+08 2.70271e+08 1.02647e+09
 4000 1.87444e+09 9.34458e+08 2.70222e+08 1.02637e+09
 8000 7.49598e+09 3.73354e+09 1.0745e+09 4.10134e+09
 12000 1.68631e+10 8.39508e+09 2.41073e+09 9.22297e+09
 16000 2.99745e+10 1.49177e+10 4.27739e+09 1.63899e+10
 20000 4.68295e+10 2.33002e+10 6.67329e+09 2.5601e+10
 24000 6.74272e+10 3.35416e+10 9.59729e+09 3.68554e+10
 28000 9.17669e+10 4.56406e+10 1.30483e+10 5.0152e+10
 32000 1.19849e+11 5.95975e+10 1.70261e+10 6.54908e+10
 36000 1.51672e+11 7.54111e+10 2.15299e+10 8.28709e+10
 40000 1.87236e+11 9.3082e+10 2.65587e+10 1.02292e+11
 44000 2.26543e+11 1.12611e+11 3.21123e+10 1.23755e+11
 48000 2.69593e+11 1.33998e+11 3.81902e+10 1.4726e+11
 52000 3.16387e+11 1.57243e+11 4.47916e+10 1.72807e+11
 56000 3.66925e+11 1.82349e+11 5.19161e+10 2.00396e+11
 60000 4.21206e+11 2.09315e+11 5.9563e+10 2.30028e+11
 64000 4.79232e+11 2.38141e+11 6.77326e+10 2.61702e+11
 68000 5.41002e+11 2.6883e+11 7.64246e+10 2.95419e+11
 72000 6.06516e+11 3.0138e+11 8.56389e+10 3.31178e+11
 76000 6.75776e+11 3.35793e+11 9.53756e+10 3.68982e+11
 80000 7.48782e+11 3.72068e+11 1.05634e+11 4.08828e+11
 80000 7.48309e+11 3.71276e+11 1.04997e+11 4.08194e+11
 160000 2.9938e+12 1.48565e+12 4.17692e+11 1.63238e+12
 240000 6.73642e+12 3.3429e+12 9.38072e+11 3.67246e+12
 320000 1.19803e+13 5.94822e+12 1.66537e+12 6.5313e+12
 400000 1.87198e+13 9.3005e+12 2.60118e+12 1.02072e+13
 480000 2.69498e+13 1.34002e+13 3.74899e+12 1.46996e+13
 560000 3.66624e+13 1.82531e+13 5.114e+12 2.00098e+13
 640000 4.78671e+13 2.38754e+13 6.70358e+12 2.61487e+13
 720000 6.05675e+13 3.02631e+13 8.5212e+12 3.31173e+13
 800000 7.47507e+13 3.73983e+13 1.05662e+13 4.09051e+13
 880000 9.04306e+13 4.5291e+13 1.28365e+13 4.95194e+13
 960000 1.07582e+14 5.39201e+13 1.53289e+13 5.89437e+13
 1.04e+06 1.2624e+14 6.3306e+13 1.80504e+13 6.91988e+13
 1.12e+06 1.46394e+14 7.34526e+13 2.10016e+13 8.02828e+13
 1.2e+06 1.68024e+14 8.43371e+13 2.41876e+13 9.2183e+13
 1.28e+06 1.9115e+14 9.59731e+13 2.76146e+13 1.04913e+14
 1.36e+06 2.15789e+14 1.08359e+14 3.12882e+13 1.18479e+14
 1.44e+06 2.41951e+14 1.21505e+14 3.52177e+13 1.32891e+14
 1.52e+06 2.69627e+14 1.35398e+14 3.94127e+13 1.48146e+14
 1.6e+06 2.98774e+14 1.50044e+14 4.38526e+13 1.64224e+14
 1.6e+06 2.988e+14 1.47121e+14 3.78083e+13 1.61243e+14
 3.2e+06 1.19458e+15 5.93069e+14 1.65148e+14 6.50931e+14
 4.8e+06 2.68444e+15 1.35085e+15 3.79975e+14 1.47175e+15
 6.4e+06 4.77824e+15 2.36997e+15 6.3838e+14 2.59553e+15
 8e+06 7.46982e+15 3.67163e+15 8.78869e+14 4.00678e+15
