#NOTE: MSDs should be divided by the temperature.
#NOTE: MSDs have been divided by 2 or 10 (i.e., the viscosity computed from all components).
#Time	MSD_xx	MSD_yy	MSD_zz	MSD_xy	MSD_xz	MSD_yz	MSD_off	MSD_all	MSD_bulkvisc
 10 2.08375e+09 2.09129e+09 2.08517e+09 2.08439e+09 2.08365e+09 2.07879e+09 2.08228e+09 2.08406e+09 2.58853e+09
 20 7.53249e+09 7.56277e+09 7.53492e+09 7.53469e+09 7.53077e+09 7.51606e+09 7.52717e+09 7.53366e+09 9.91153e+09
 30 1.51327e+10 1.52035e+10 1.51338e+10 1.51398e+10 1.51286e+10 1.51042e+10 1.51242e+10 1.51372e+10 2.11981e+10
 40 2.39478e+10 2.40823e+10 2.39487e+10 2.39663e+10 2.3945e+10 2.39144e+10 2.39419e+10 2.39623e+10 3.57716e+10
 50 3.33715e+10 3.35965e+10 3.33804e+10 3.34123e+10 3.33814e+10 3.33492e+10 3.3381e+10 3.34084e+10 5.31009e+10
 60 4.29928e+10 4.33336e+10 4.30228e+10 4.3072e+10 4.30329e+10 4.30071e+10 4.30373e+10 4.3069e+10 7.2732e+10
 70 5.25661e+10 5.30498e+10 5.2636e+10 5.27065e+10 5.26596e+10 5.26514e+10 5.26725e+10 5.27037e+10 9.42887e+10
 80 6.20608e+10 6.27201e+10 6.21947e+10 6.22899e+10 6.22322e+10 6.22563e+10 6.22595e+10 6.22857e+10 1.17481e+11
 90 7.1595e+10 7.24686e+10 7.18203e+10 7.19423e+10 7.18666e+10 7.19411e+10 7.19167e+10 7.19345e+10 1.42094e+11
 100 8.13751e+10 8.25066e+10 8.17188e+10 8.18678e+10 8.17665e+10 8.1909e+10 8.18478e+10 8.18554e+10 1.67999e+11
 110 9.16531e+10 9.30885e+10 9.21381e+10 9.2315e+10 9.21815e+10 9.24055e+10 9.23007e+10 9.22977e+10 1.95149e+11
 120 1.02653e+11 1.04438e+11 1.03296e+11 1.03501e+11 1.03331e+11 1.03643e+11 1.03492e+11 1.0348e+11 2.23528e+11
 130 1.14511e+11 1.16688e+11 1.15322e+11 1.15556e+11 1.15344e+11 1.15748e+11 1.15549e+11 1.15532e+11 2.53108e+11
 140 1.27261e+11 1.29871e+11 1.28248e+11 1.28509e+11 1.2825e+11 1.28748e+11 1.28502e+11 1.28486e+11 2.83841e+11
 150 1.40849e+11 1.43928e+11 1.42021e+11 1.42302e+11 1.41991e+11 1.42588e+11 1.42294e+11 1.42283e+11 3.15656e+11
 160 1.55158e+11 1.58733e+11 1.56527e+11 1.56813e+11 1.56445e+11 1.5715e+11 1.56803e+11 1.56804e+11 3.48459e+11
 170 1.70051e+11 1.74141e+11 1.71625e+11 1.71902e+11 1.71471e+11 1.72293e+11 1.71889e+11 1.71909e+11 3.82152e+11
 180 1.85404e+11 1.90023e+11 1.87192e+11 1.87446e+11 1.86949e+11 1.87893e+11 1.87429e+11 1.87474e+11 4.16647e+11
 190 2.0113e+11 2.0629e+11 2.03133e+11 2.03357e+11 2.0279e+11 2.03858e+11 2.03335e+11 2.03408e+11 4.51873e+11
 200 2.17179e+11 2.22891e+11 2.19395e+11 2.19586e+11 2.18949e+11 2.20139e+11 2.19558e+11 2.19664e+11 4.87781e+11
 200 2.17247e+11 2.2244e+11 2.19841e+11 2.19768e+11 2.19037e+11 2.1951e+11 2.19439e+11 2.196e+11 4.8708e+11
 400 6.14231e+11 6.35529e+11 6.21475e+11 6.1997e+11 6.17512e+11 6.20309e+11 6.19264e+11 6.21056e+11 1.34754e+12
 600 1.13941e+12 1.18343e+12 1.15008e+12 1.14682e+12 1.14489e+12 1.14751e+12 1.1464e+12 1.1509e+12 2.48313e+12
 800 1.76342e+12 1.83943e+12 1.78208e+12 1.77371e+12 1.77082e+12 1.77488e+12 1.77314e+12 1.78187e+12 3.86467e+12
 1000 2.47092e+12 2.58709e+12 2.49866e+12 2.48139e+12 2.47762e+12 2.48182e+12 2.48028e+12 2.49572e+12 5.42974e+12
 1200 3.24634e+12 3.4086e+12 3.28546e+12 3.25642e+12 3.24971e+12 3.25628e+12 3.25414e+12 3.27787e+12 7.14793e+12
 1400 4.07843e+12 4.29284e+12 4.13306e+12 4.0875e+12 4.07555e+12 4.08752e+12 4.08352e+12 4.11736e+12 9.00408e+12
 1600 4.95916e+12 5.23498e+12 5.03273e+12 4.96766e+12 4.94897e+12 4.96693e+12 4.96119e+12 5.00696e+12 1.09717e+13
 1800 5.88457e+12 6.22617e+12 5.97823e+12 5.88819e+12 5.86574e+12 5.88846e+12 5.8808e+12 5.94034e+12 1.30344e+13
 2000 6.84945e+12 7.25879e+12 6.96183e+12 6.84657e+12 6.82019e+12 6.8445e+12 6.83709e+12 6.9116e+12 1.51889e+13
 2200 7.85218e+12 8.33174e+12 7.98064e+12 7.83778e+12 7.80864e+12 7.83102e+12 7.82582e+12 7.91743e+12 1.74188e+13
 2400 8.8906e+12 9.44241e+12 9.0336e+12 8.85772e+12 8.82594e+12 8.84651e+12 8.84339e+12 8.95492e+12 1.9716e+13
 2600 9.95655e+12 1.05837e+13 1.01158e+13 9.9033e+12 9.86791e+12 9.88545e+12 9.88555e+12 1.00188e+13 2.20766e+13
 2800 1.10494e+13 1.17553e+13 1.12254e+13 1.09711e+13 1.09338e+13 1.09469e+13 1.09506e+13 1.11077e+13 2.44918e+13
 3000 1.2165e+13 1.29532e+13 1.23597e+13 1.20591e+13 1.20236e+13 1.20245e+13 1.20358e+13 1.22185e+13 2.69561e+13
 3200 1.33034e+13 1.41772e+13 1.35163e+13 1.31639e+13 1.31341e+13 1.31151e+13 1.31377e+13 1.33489e+13 2.94682e+13
 3400 1.44604e+13 1.54256e+13 1.46921e+13 1.42787e+13 1.42652e+13 1.42224e+13 1.42554e+13 1.4497e+13 3.20229e+13
 3600 1.56346e+13 1.66945e+13 1.58857e+13 1.54038e+13 1.54144e+13 1.53454e+13 1.53879e+13 1.56614e+13 3.46119e+13
 3800 1.68267e+13 1.79824e+13 1.70952e+13 1.65352e+13 1.65793e+13 1.64805e+13 1.65317e+13 1.68396e+13 3.72424e+13
 4000 1.80333e+13 1.92875e+13 1.83193e+13 1.76721e+13 1.77573e+13 1.7624e+13 1.76845e+13 1.80294e+13 3.99144e+13
 4000 1.7971e+13 1.9189e+13 1.87321e+13 1.75969e+13 1.76465e+13 1.75459e+13 1.75965e+13 1.80102e+13 3.9985e+13
 8000 4.38457e+13 4.72634e+13 4.47045e+13 4.15193e+13 4.30649e+13 4.10277e+13 4.18706e+13 4.32309e+13 9.82157e+13
 12000 7.20073e+13 7.62724e+13 7.38537e+13 6.73117e+13 6.9777e+13 6.51861e+13 6.74249e+13 7.00727e+13 1.60727e+14
 16000 1.00251e+14 1.05796e+14 1.03923e+14 9.38346e+13 9.75061e+13 8.91897e+13 9.35101e+13 9.74353e+13 2.24069e+14
 20000 1.29182e+14 1.35617e+14 1.34685e+14 1.21438e+14 1.25408e+14 1.12819e+14 1.19889e+14 1.25198e+14 2.88103e+14
 24000 1.57315e+14 1.66057e+14 1.65548e+14 1.49968e+14 1.53481e+14 1.35713e+14 1.46387e+14 1.53022e+14 3.5118e+14
 28000 1.84109e+14 1.96661e+14 1.97442e+14 1.79504e+14 1.80722e+14 1.58199e+14 1.72808e+14 1.8078e+14 4.18443e+14
 32000 2.11835e+14 2.28161e+14 2.31128e+14 2.10616e+14 2.06444e+14 1.80789e+14 1.99283e+14 2.09053e+14 4.88913e+14
 36000 2.41011e+14 2.59946e+14 2.65552e+14 2.42318e+14 2.30973e+14 2.01806e+14 2.25032e+14 2.37221e+14 5.58679e+14
 40000 2.71028e+14 2.92165e+14 3.00851e+14 2.74943e+14 2.54743e+14 2.23222e+14 2.50969e+14 2.65788e+14 6.24282e+14
 44000 3.00182e+14 3.23261e+14 3.36793e+14 3.08038e+14 2.76212e+14 2.455e+14 2.76583e+14 2.93981e+14 6.84813e+14
 48000 3.3002e+14 3.53869e+14 3.72981e+14 3.40805e+14 2.95438e+14 2.67138e+14 3.01127e+14 3.21592e+14 7.45032e+14
 52000 3.60179e+14 3.83995e+14 4.08576e+14 3.72757e+14 3.15081e+14 2.88995e+14 3.25611e+14 3.49067e+14 8.05172e+14
 56000 3.9174e+14 4.15169e+14 4.44063e+14 4.04153e+14 3.35478e+14 3.09478e+14 3.49703e+14 3.76618e+14 8.65955e+14
 60000 4.24585e+14 4.47529e+14 4.80588e+14 4.35487e+14 3.57351e+14 3.2985e+14 3.74229e+14 4.04898e+14 9.26604e+14
 64000 4.59515e+14 4.80305e+14 5.17654e+14 4.67109e+14 3.79502e+14 3.51929e+14 3.99513e+14 4.34038e+14 9.86002e+14
 68000 4.94696e+14 5.15049e+14 5.56026e+14 4.99143e+14 4.02953e+14 3.75142e+14 4.25746e+14 4.64217e+14 1.04688e+15
 72000 5.29268e+14 5.49894e+14 5.93089e+14 5.30697e+14 4.28395e+14 3.97653e+14 4.52248e+14 4.94316e+14 1.11084e+15
 76000 5.62141e+14 5.85023e+14 6.29579e+14 5.62073e+14 4.55703e+14 4.18655e+14 4.7881e+14 5.24185e+14 1.17708e+15
 80000 5.94546e+14 6.19759e+14 6.6506e+14 5.93744e+14 4.84357e+14 4.40032e+14 5.06044e+14 5.54209e+14 1.24599e+15
 80000 6.30058e+14 5.80699e+14 6.87958e+14 6.3484e+14 4.73667e+14 4.20169e+14 5.09559e+14 5.58897e+14 1.09641e+15
 160000 1.16511e+15 1.29731e+15 1.34435e+15 1.22937e+15 1.02437e+15 7.9684e+14 1.01686e+15 1.11769e+15 2.53838e+15
 240000 1.81163e+15 2.46911e+15 2.09379e+15 1.91229e+15 1.50922e+15 1.1413e+15 1.52094e+15 1.7625e+15 3.57745e+15
 320000 2.65527e+15 3.74483e+15 2.87051e+15 2.42602e+15 1.90135e+15 1.57901e+15 1.96879e+15 2.41736e+15 4.55725e+15
 400000 3.52421e+15 5.16612e+15 3.28616e+15 2.94402e+15 2.13255e+15 1.9376e+15 2.33806e+15 2.9997e+15 5.77745e+15
 480000 4.43184e+15 6.80332e+15 3.96605e+15 3.46295e+15 2.28301e+15 2.08402e+15 2.60999e+15 3.59282e+15 7.20148e+15
 560000 5.53407e+15 8.38896e+15 4.59459e+15 4.11075e+15 2.3344e+15 2.39756e+15 2.94757e+15 4.23756e+15 8.62074e+15
 640000 6.6806e+15 1.01829e+16 5.09897e+15 4.73504e+15 2.45144e+15 2.68265e+15 3.28971e+15 4.90216e+15 9.67923e+15
 720000 7.92311e+15 1.20165e+16 5.49375e+15 5.28884e+15 2.64646e+15 2.84947e+15 3.59492e+15 5.54807e+15 1.07162e+16
 800000 9.31995e+15 1.38113e+16 6.00972e+15 5.78703e+15 2.92497e+15 3.16545e+15 3.95915e+15 6.26096e+15 1.15552e+16
 880000 1.05675e+16 1.59765e+16 6.52672e+15 6.31357e+15 3.18941e+15 3.53111e+15 4.3447e+15 7.01625e+15 1.24867e+16
 960000 1.2041e+16 1.8231e+16 7.13175e+15 6.82155e+15 3.38374e+15 3.68777e+15 4.63102e+15 7.76578e+15 1.31756e+16
 1.04e+06 1.35077e+16 2.0901e+16 7.96238e+15 7.28222e+15 3.59019e+15 3.90527e+15 4.92589e+15 8.60501e+15 1.37254e+16
 1.12e+06 1.506e+16 2.3541e+16 8.64662e+15 7.85436e+15 3.81341e+15 4.23805e+15 5.30194e+15 9.48086e+15 1.4257e+16
 1.2e+06 1.68523e+16 2.65499e+16 9.39209e+15 8.10173e+15 4.01307e+15 4.37831e+15 5.4977e+15 1.03379e+16 1.52627e+16
 1.28e+06 1.86016e+16 2.98475e+16 1.01077e+16 8.20045e+15 4.20117e+15 4.56636e+15 5.65599e+15 1.12012e+16 1.62366e+16
 1.36e+06 2.02037e+16 3.31945e+16 1.04055e+16 8.37309e+15 4.39902e+15 4.7544e+15 5.84217e+15 1.20125e+16 1.71604e+16
 1.44e+06 2.17945e+16 3.68858e+16 1.10422e+16 8.68606e+15 4.63022e+15 4.8066e+15 6.04096e+15 1.29209e+16 1.77528e+16
 1.52e+06 2.36674e+16 4.04477e+16 1.17464e+16 9.16083e+15 4.81852e+15 4.68494e+15 6.22143e+15 1.38477e+16 1.88222e+16
 1.6e+06 2.55431e+16 4.42379e+16 1.23094e+16 9.76504e+15 4.89151e+15 4.73987e+15 6.46547e+15 1.48247e+16 2.02487e+16
 1.6e+06 2.40109e+16 4.73439e+16 1.79773e+16 1.28284e+16 5.53448e+15 3.56597e+15 7.30961e+15 1.62967e+16 2.84017e+16
 3.2e+06 9.00459e+16 1.40163e+17 2.34712e+16 1.98107e+16 1.02519e+16 1.0431e+16 1.34979e+16 4.19227e+16 3.09319e+16
 4.8e+06 2.14964e+17 2.39982e+17 1.67411e+16 3.65788e+16 8.62234e+15 1.12659e+16 1.88224e+16 7.4185e+16 2.32075e+16
 6.4e+06 2.91876e+17 2.57677e+17 2.55491e+15 3.18195e+16 1.23811e+15 4.0723e+15 1.23767e+16 8.10403e+16 3.39896e+16
 8e+06 3.46171e+17 1.30175e+17 5.1786e+16 3.26027e+16 2.4152e+15 4.20273e+11 1.16728e+16 7.74212e+16 8.70607e+09
