#NOTE: MSDs should be divided by the temperature.
#NOTE: MSDs have been divided by 2 or 10 (i.e., the viscosity computed from all components).
#Time	MSD_xx	MSD_yy	MSD_zz	MSD_xy	MSD_xz	MSD_yz	MSD_off	MSD_all	MSD_bulkvisc
 10 2.20733e+09 2.20454e+09 2.18275e+09 2.17799e+09 2.20568e+09 2.1181e+09 2.16725e+09 2.17964e+09 2.67728e+09
 20 7.96021e+09 7.9578e+09 7.86648e+09 7.87726e+09 7.96589e+09 7.62102e+09 7.82139e+09 7.8641e+09 1.02252e+10
 30 1.5937e+10 1.59499e+10 1.57432e+10 1.5828e+10 1.59741e+10 1.52145e+10 1.56722e+10 1.5754e+10 2.179e+10
 40 2.51058e+10 2.51637e+10 2.48202e+10 2.50515e+10 2.52087e+10 2.39072e+10 2.47225e+10 2.48455e+10 3.66184e+10
 50 3.47939e+10 3.49236e+10 3.44657e+10 3.49183e+10 3.50028e+10 3.30642e+10 3.43284e+10 3.44881e+10 5.41324e+10
 60 4.4565e+10 4.47836e+10 4.42821e+10 4.50146e+10 4.49375e+10 4.22786e+10 4.40769e+10 4.42636e+10 7.38559e+10
 70 5.4193e+10 5.45203e+10 5.40605e+10 5.51243e+10 5.48108e+10 5.1366e+10 5.3767e+10 5.39634e+10 9.5413e+10
 80 6.37043e+10 6.41625e+10 6.38157e+10 6.52494e+10 6.46534e+10 6.03882e+10 6.34304e+10 6.36159e+10 1.18546e+11
 90 7.32901e+10 7.38909e+10 7.3717e+10 7.55518e+10 7.46398e+10 6.9569e+10 7.32535e+10 7.34052e+10 1.43103e+11
 100 8.32155e+10 8.39676e+10 8.40084e+10 8.62638e+10 8.50201e+10 7.91953e+10 8.34931e+10 8.3588e+10 1.69018e+11
 110 9.37393e+10 9.46831e+10 9.49467e+10 9.76391e+10 9.60519e+10 8.95314e+10 9.44074e+10 9.4427e+10 1.96271e+11
 120 1.05057e+11 1.06255e+11 1.06723e+11 1.09884e+11 1.07928e+11 1.00749e+11 1.06187e+11 1.06117e+11 2.24845e+11
 130 1.17259e+11 1.18781e+11 1.1942e+11 1.23094e+11 1.20736e+11 1.12896e+11 1.18909e+11 1.1874e+11 2.54691e+11
 140 1.30335e+11 1.32256e+11 1.33031e+11 1.37255e+11 1.34457e+11 1.25931e+11 1.32548e+11 1.32278e+11 2.85729e+11
 150 1.44209e+11 1.46589e+11 1.47479e+11 1.52282e+11 1.48983e+11 1.3976e+11 1.47008e+11 1.46642e+11 3.17865e+11
 160 1.58766e+11 1.61642e+11 1.62648e+11 1.68057e+11 1.64162e+11 1.54265e+11 1.62161e+11 1.61704e+11 3.50993e+11
 170 1.73893e+11 1.77268e+11 1.78434e+11 1.84452e+11 1.79835e+11 1.69326e+11 1.77871e+11 1.77335e+11 3.8501e+11
 180 1.89482e+11 1.93326e+11 1.94746e+11 2.01353e+11 1.95893e+11 1.84846e+11 1.94031e+11 1.93426e+11 4.19836e+11
 190 2.05448e+11 2.09708e+11 2.11517e+11 2.18674e+11 2.12306e+11 2.00772e+11 2.10584e+11 2.09907e+11 4.55405e+11
 200 2.21753e+11 2.26359e+11 2.28718e+11 2.3636e+11 2.29084e+11 2.17074e+11 2.27506e+11 2.26748e+11 4.91663e+11
 200 2.28426e+11 2.18654e+11 2.31404e+11 2.38632e+11 2.27522e+11 2.13408e+11 2.26521e+11 2.26377e+11 5.02245e+11
 400 6.38404e+11 6.16255e+11 6.60182e+11 6.734e+11 6.58694e+11 6.1556e+11 6.49218e+11 6.44843e+11 1.35573e+12
 600 1.18612e+12 1.13244e+12 1.24102e+12 1.2471e+12 1.22605e+12 1.13301e+12 1.20205e+12 1.19584e+12 2.48089e+12
 800 1.85138e+12 1.75881e+12 1.94334e+12 1.9296e+12 1.9039e+12 1.73897e+12 1.85749e+12 1.85496e+12 3.83054e+12
 1000 2.6229e+12 2.48332e+12 2.75233e+12 2.70738e+12 2.67596e+12 2.40544e+12 2.59626e+12 2.60556e+12 5.34624e+12
 1200 3.47627e+12 3.28723e+12 3.65019e+12 3.56774e+12 3.53075e+12 3.13342e+12 3.41064e+12 3.43487e+12 7.00365e+12
 1400 4.41256e+12 4.16966e+12 4.61961e+12 4.50173e+12 4.44735e+12 3.91351e+12 4.28753e+12 4.33276e+12 8.81714e+12
 1600 5.42071e+12 5.11973e+12 5.64049e+12 5.48594e+12 5.41302e+12 4.73146e+12 5.21014e+12 5.28354e+12 1.0735e+13
 1800 6.52956e+12 6.13238e+12 6.72247e+12 6.50939e+12 6.41737e+12 5.57104e+12 6.16593e+12 6.28415e+12 1.27646e+13
 2000 7.71275e+12 7.1953e+12 7.8666e+12 7.55868e+12 7.4536e+12 6.42447e+12 7.14558e+12 7.32397e+12 1.48592e+13
 2200 8.95996e+12 8.31547e+12 9.06518e+12 8.64829e+12 8.52036e+12 7.31549e+12 8.16138e+12 8.40891e+12 1.69954e+13
 2400 1.02603e+13 9.50001e+12 1.03077e+13 9.77476e+12 9.61005e+12 8.23559e+12 9.2068e+12 9.53316e+12 1.91259e+13
 2600 1.16008e+13 1.07383e+13 1.16027e+13 1.09293e+13 1.07174e+13 9.19705e+12 1.02813e+13 1.06943e+13 2.1227e+13
 2800 1.29753e+13 1.2014e+13 1.29701e+13 1.21103e+13 1.18391e+13 1.02294e+13 1.13929e+13 1.1897e+13 2.33288e+13
 3000 1.4394e+13 1.33391e+13 1.44098e+13 1.33227e+13 1.29778e+13 1.13144e+13 1.25383e+13 1.3142e+13 2.5412e+13
 3200 1.58557e+13 1.47219e+13 1.59074e+13 1.45751e+13 1.41237e+13 1.24381e+13 1.37123e+13 1.44254e+13 2.74434e+13
 3400 1.73497e+13 1.61469e+13 1.74515e+13 1.58542e+13 1.5267e+13 1.3605e+13 1.49087e+13 1.57383e+13 2.94962e+13
 3600 1.8867e+13 1.76151e+13 1.90635e+13 1.71765e+13 1.64291e+13 1.48324e+13 1.6146e+13 1.70937e+13 3.15685e+13
 3800 2.04288e+13 1.91357e+13 2.07286e+13 1.85092e+13 1.75955e+13 1.61428e+13 1.74158e+13 1.84886e+13 3.36519e+13
 4000 2.20202e+13 2.07305e+13 2.24499e+13 1.9867e+13 1.87424e+13 1.75247e+13 1.87114e+13 1.99202e+13 3.57506e+13
 4000 2.22124e+13 2.1797e+13 2.24652e+13 2.12002e+13 1.74207e+13 1.91063e+13 1.92424e+13 2.04087e+13 3.6119e+13
 8000 5.54145e+13 6.4188e+13 6.64246e+13 5.63283e+13 3.35998e+13 5.37999e+13 4.79093e+13 5.35492e+13 8.22142e+13
 12000 8.13178e+13 1.15035e+14 1.30738e+14 9.2113e+13 4.28452e+13 9.75062e+13 7.74882e+13 9.0105e+13 1.4815e+14
 16000 1.01975e+14 1.73777e+14 2.10602e+14 1.27824e+14 5.83491e+13 1.45577e+14 1.10583e+14 1.31197e+14 2.12715e+14
 20000 1.22058e+14 2.42796e+14 3.04821e+14 1.74746e+14 8.0212e+13 1.93407e+14 1.49455e+14 1.78963e+14 2.73509e+14
 24000 1.36875e+14 3.19684e+14 4.17159e+14 2.27479e+14 1.02256e+14 2.37834e+14 1.89189e+14 2.30009e+14 3.21156e+14
 28000 1.43024e+14 3.98243e+14 5.45451e+14 2.86926e+14 1.20338e+14 2.77932e+14 2.28399e+14 2.81935e+14 3.6993e+14
 32000 1.62019e+14 5.03581e+14 6.90655e+14 3.55671e+14 1.45062e+14 3.21564e+14 2.74099e+14 3.45293e+14 4.10696e+14
 36000 1.9636e+14 6.32499e+14 8.51565e+14 4.32553e+14 1.76857e+14 3.64128e+14 3.24513e+14 4.18764e+14 4.47899e+14
 40000 2.28844e+14 7.75528e+14 1.02553e+15 5.13147e+14 2.05553e+14 3.96614e+14 3.71772e+14 4.93716e+14 4.83035e+14
 44000 2.68147e+14 9.2833e+14 1.22577e+15 5.89532e+14 2.41806e+14 4.15591e+14 4.15643e+14 5.72352e+14 5.31925e+14
 48000 3.08037e+14 1.08857e+15 1.42993e+15 6.76584e+14 2.87992e+14 4.27296e+14 4.63957e+14 6.55246e+14 5.91349e+14
 52000 3.44054e+14 1.27123e+15 1.66008e+15 7.71849e+14 3.23517e+14 4.20561e+14 5.05309e+14 7.39901e+14 6.36012e+14
 56000 3.70514e+14 1.4548e+15 1.89217e+15 8.72934e+14 3.54406e+14 4.04515e+14 5.43952e+14 8.22036e+14 6.95645e+14
 60000 3.86406e+14 1.63887e+15 2.12619e+15 9.6932e+14 3.87566e+14 4.09565e+14 5.88817e+14 9.06819e+14 7.56675e+14
 64000 3.98002e+14 1.83658e+15 2.36228e+15 1.08291e+15 4.21675e+14 4.18855e+14 6.41148e+14 9.97603e+14 8.1293e+14
 68000 3.99056e+14 2.04999e+15 2.6051e+15 1.20291e+15 4.67271e+14 4.31309e+14 7.00497e+14 1.09418e+15 8.49349e+14
 72000 3.93392e+14 2.27349e+15 2.84204e+15 1.33576e+15 5.03683e+14 4.51755e+14 7.63734e+14 1.19276e+15 8.57418e+14
 76000 3.92374e+14 2.52056e+15 3.07076e+15 1.48546e+15 5.50769e+14 4.67434e+14 8.34554e+14 1.29856e+15 8.15014e+14
 80000 3.894e+14 2.81629e+15 3.30747e+15 1.66466e+15 6.06253e+14 4.9265e+14 9.21188e+14 1.42113e+15 7.55337e+14
 80000 4.85283e+13 2.16954e+15 2.55332e+15 7.47434e+14 8.69806e+14 4.60574e+14 6.92605e+14 1.05175e+15 1.37771e+14
 160000 9.68399e+11 5.80103e+15 5.65209e+15 2.82032e+15 3.39095e+15 1.8079e+15 2.67306e+15 3.13105e+15 5.37264e+14
