#NOTE: MSDs should be divided by (temperature^2).
#NOTE: MSDs have been divided by 2.
#Time	MSD_x	MSD_y	MSD_z	MSD_all
 10 21253.8 44098.8 80386.2 48579.6
 20 84939.6 125835 235534 148769
 30 191007 187306 364359 247558
 40 339454 233479 476585 349839
 50 530287 291587 620747 480874
 60 763500 367579 806159 645746
 70 1.03907e+06 458108 1.02578e+06 840988
 80 1.357e+06 564898 1.28333e+06 1.06841e+06
 90 1.71725e+06 687384 1.57817e+06 1.3276e+06
 100 2.11984e+06 821573 1.90221e+06 1.61454e+06
 110 2.56473e+06 966589 2.25368e+06 1.92833e+06
 120 3.05193e+06 1.12368e+06 2.63603e+06 2.27054e+06
 130 3.58143e+06 1.29306e+06 3.05055e+06 2.64168e+06
 140 4.1532e+06 1.47503e+06 3.49717e+06 3.0418e+06
 150 4.76725e+06 1.67022e+06 3.97607e+06 3.47118e+06
 160 5.42356e+06 1.87837e+06 4.48675e+06 3.92956e+06
 170 6.12212e+06 2.09878e+06 5.02842e+06 4.41644e+06
 180 6.86293e+06 2.33159e+06 5.6012e+06 4.93191e+06
 190 7.64597e+06 2.5772e+06 6.20545e+06 5.47621e+06
 200 8.47124e+06 2.83531e+06 6.841e+06 6.04919e+06
 200 8.47117e+06 2.83617e+06 6.84246e+06 6.04994e+06
 400 3.38385e+07 1.06335e+07 2.6195e+07 2.35557e+07
 600 7.60899e+07 2.34758e+07 5.82206e+07 5.25954e+07
 800 1.3524e+08 4.13694e+07 1.02906e+08 9.31717e+07
 1000 2.11279e+08 6.42886e+07 1.60233e+08 1.45267e+08
 1200 3.042e+08 9.22276e+07 2.30178e+08 2.08869e+08
 1400 4.14007e+08 1.25175e+08 3.12711e+08 2.83965e+08
 1600 5.40698e+08 1.63123e+08 4.07812e+08 3.70544e+08
 1800 6.84267e+08 2.06067e+08 5.15458e+08 4.68597e+08
 2000 8.44713e+08 2.54e+08 6.35643e+08 5.78119e+08
 2200 1.02204e+09 3.06915e+08 7.68335e+08 6.99096e+08
 2400 1.21624e+09 3.64796e+08 9.13524e+08 8.3152e+08
 2600 1.42731e+09 4.27652e+08 1.07121e+09 9.75392e+08
 2800 1.65526e+09 4.95465e+08 1.24138e+09 1.1307e+09
 3000 1.90009e+09 5.68238e+08 1.42399e+09 1.29744e+09
 3200 2.16178e+09 6.45955e+08 1.61904e+09 1.47559e+09
 3400 2.44034e+09 7.28609e+08 1.82651e+09 1.66515e+09
 3600 2.73577e+09 8.16194e+08 2.04638e+09 1.86612e+09
 3800 3.04806e+09 9.08693e+08 2.27866e+09 2.07847e+09
 4000 3.37723e+09 1.00611e+09 2.52332e+09 2.30222e+09
 4000 3.37669e+09 1.00537e+09 2.52124e+09 2.3011e+09
 8000 1.34985e+10 3.97732e+09 9.99129e+09 9.15572e+09
 12000 3.03573e+10 8.87261e+09 2.23149e+10 2.0515e+10
 16000 5.39489e+10 1.56517e+10 3.94217e+10 3.63408e+10
 20000 8.4269e+10 2.42789e+10 6.12579e+10 5.6602e+10
 24000 1.21312e+11 3.47251e+10 8.77571e+10 8.12647e+10
 28000 1.65075e+11 4.69663e+10 1.18876e+11 1.10306e+11
 32000 2.15555e+11 6.09744e+10 1.54572e+11 1.437e+11
 36000 2.72751e+11 7.67277e+10 1.94803e+11 1.81427e+11
 40000 3.36668e+11 9.42083e+10 2.39524e+11 2.23467e+11
 44000 4.07313e+11 1.13409e+11 2.88697e+11 2.69806e+11
 48000 4.84685e+11 1.3432e+11 3.42292e+11 3.20432e+11
 52000 5.68785e+11 1.56921e+11 4.0028e+11 3.75329e+11
 56000 6.59614e+11 1.81198e+11 4.62637e+11 4.34483e+11
 60000 7.57174e+11 2.07131e+11 5.29366e+11 4.9789e+11
 64000 8.61471e+11 2.34708e+11 6.00469e+11 5.6555e+11
 68000 9.72509e+11 2.6392e+11 6.75954e+11 6.37461e+11
 72000 1.09028e+12 2.94754e+11 7.55799e+11 7.13609e+11
 76000 1.21478e+12 3.27206e+11 8.40023e+11 7.94003e+11
 80000 1.34603e+12 3.61289e+11 9.28734e+11 8.78685e+11
 80000 1.34113e+12 3.61242e+11 9.2541e+11 8.75929e+11
 160000 5.37304e+12 1.37404e+12 3.60833e+12 3.4518e+12
 240000 1.21089e+13 3.04529e+12 8.04868e+12 7.7343e+12
 320000 2.15704e+13 5.36062e+12 1.42615e+13 1.37309e+13
 400000 3.378e+13 8.27076e+12 2.21687e+13 2.14065e+13
 480000 4.88289e+13 1.17622e+13 3.17744e+13 3.07885e+13
 560000 6.67059e+13 1.58128e+13 4.31253e+13 4.18813e+13
 640000 8.7361e+13 2.05006e+13 5.61533e+13 5.46716e+13
 720000 1.10825e+14 2.58128e+13 7.08404e+13 6.91594e+13
 800000 1.36896e+14 3.18203e+13 8.67949e+13 8.51705e+13
 880000 1.6555e+14 3.85115e+13 1.03763e+14 1.02608e+14
 960000 1.96831e+14 4.58753e+13 1.21762e+14 1.2149e+14
 1.04e+06 2.30661e+14 5.39107e+13 1.40614e+14 1.41728e+14
 1.12e+06 2.67025e+14 6.25796e+13 1.6045e+14 1.63351e+14
 1.2e+06 3.05705e+14 7.1815e+13 1.81173e+14 1.86231e+14
 1.28e+06 3.46852e+14 8.14976e+13 2.02734e+14 2.10361e+14
 1.36e+06 3.90495e+14 9.18774e+13 2.25037e+14 2.35803e+14
 1.44e+06 4.36553e+14 1.02801e+14 2.47928e+14 2.62427e+14
 1.52e+06 4.84837e+14 1.14695e+14 2.70638e+14 2.90057e+14
 1.6e+06 5.35824e+14 1.27342e+14 2.93422e+14 3.18863e+14
 1.6e+06 5.16649e+14 1.02511e+14 2.18183e+14 2.79114e+14
 3.2e+06 2.05046e+15 4.05552e+14 7.09357e+14 1.05512e+15
