#NOTE: MSDs should be divided by the temperature.
#NOTE: MSDs have been divided by 2 or 10 (i.e., the viscosity computed from all components).
#Time	MSD_xx	MSD_yy	MSD_zz	MSD_xy	MSD_xz	MSD_yz	MSD_off	MSD_all	MSD_bulkvisc
 10 2.10782e+09 2.10891e+09 2.10731e+09 2.1115e+09 2.11163e+09 2.10918e+09 2.11077e+09 2.10967e+09 2.61444e+09
 20 7.61746e+09 7.62152e+09 7.61389e+09 7.63084e+09 7.63267e+09 7.62388e+09 7.62913e+09 7.62453e+09 1.00098e+10
 30 1.53021e+10 1.53107e+10 1.52907e+10 1.53298e+10 1.53378e+10 1.53203e+10 1.53293e+10 1.5318e+10 2.14085e+10
 40 2.42168e+10 2.42311e+10 2.41917e+10 2.42644e+10 2.4285e+10 2.42547e+10 2.4268e+10 2.42461e+10 3.61292e+10
 50 3.37519e+10 3.37744e+10 3.37087e+10 3.38285e+10 3.38699e+10 3.38163e+10 3.38382e+10 3.38009e+10 5.36362e+10
 60 4.3495e+10 4.35284e+10 4.34296e+10 4.36115e+10 4.36836e+10 4.35906e+10 4.36286e+10 4.35709e+10 7.34712e+10
 70 5.32062e+10 5.32515e+10 5.31136e+10 5.33729e+10 5.34868e+10 5.33356e+10 5.33984e+10 5.33152e+10 9.52557e+10
 80 6.28648e+10 6.29215e+10 6.27398e+10 6.30894e+10 6.32553e+10 6.30317e+10 6.31255e+10 6.30121e+10 1.18702e+11
 90 7.25982e+10 7.2665e+10 7.24358e+10 7.2886e+10 7.31113e+10 7.28067e+10 7.29347e+10 7.27873e+10 1.43598e+11
 100 8.26218e+10 8.26991e+10 8.2417e+10 8.29751e+10 8.32646e+10 8.28746e+10 8.30381e+10 8.28546e+10 1.69822e+11
 110 9.31954e+10 9.32863e+10 9.29432e+10 9.36149e+10 9.39705e+10 9.34926e+10 9.36927e+10 9.34723e+10 1.9733e+11
 120 1.04543e+11 1.04652e+11 1.0424e+11 1.0503e+11 1.05452e+11 1.04883e+11 1.05122e+11 1.04864e+11 2.26111e+11
 130 1.16795e+11 1.16926e+11 1.16436e+11 1.17351e+11 1.1784e+11 1.17174e+11 1.17455e+11 1.17161e+11 2.56137e+11
 140 1.29978e+11 1.30134e+11 1.2956e+11 1.30605e+11 1.31161e+11 1.30394e+11 1.3072e+11 1.30388e+11 2.8736e+11
 150 1.44029e+11 1.44214e+11 1.43548e+11 1.44731e+11 1.4535e+11 1.44481e+11 1.44854e+11 1.44485e+11 3.19705e+11
 160 1.58824e+11 1.59041e+11 1.58274e+11 1.59601e+11 1.60281e+11 1.59309e+11 1.59731e+11 1.59323e+11 3.53078e+11
 170 1.74214e+11 1.74469e+11 1.73589e+11 1.75071e+11 1.75808e+11 1.74729e+11 1.75203e+11 1.74758e+11 3.87378e+11
 180 1.90073e+11 1.90371e+11 1.89362e+11 1.91012e+11 1.91803e+11 1.90613e+11 1.91143e+11 1.9066e+11 4.22516e+11
 190 2.06307e+11 2.06656e+11 2.05502e+11 2.0733e+11 2.08175e+11 2.06866e+11 2.07457e+11 2.06936e+11 4.58416e+11
 200 2.2287e+11 2.23275e+11 2.21961e+11 2.23974e+11 2.24875e+11 2.2344e+11 2.24097e+11 2.23539e+11 4.95024e+11
 200 2.23202e+11 2.23635e+11 2.22068e+11 2.23993e+11 2.24791e+11 2.24046e+11 2.24277e+11 2.23753e+11 4.95109e+11
 400 6.35991e+11 6.38198e+11 6.31842e+11 6.36936e+11 6.39382e+11 6.35032e+11 6.37117e+11 6.36407e+11 1.37228e+12
 600 1.1858e+12 1.19147e+12 1.1766e+12 1.18278e+12 1.18988e+12 1.179e+12 1.18389e+12 1.18418e+12 2.53208e+12
 800 1.84381e+12 1.8562e+12 1.82962e+12 1.83565e+12 1.84738e+12 1.82774e+12 1.83692e+12 1.83944e+12 3.94994e+12
 1000 2.5926e+12 2.61281e+12 2.57283e+12 2.57551e+12 2.59332e+12 2.56273e+12 2.57719e+12 2.58341e+12 5.57022e+12
 1200 3.41822e+12 3.44729e+12 3.39167e+12 3.38797e+12 3.412e+12 3.37148e+12 3.39049e+12 3.40192e+12 7.35816e+12
 1400 4.30955e+12 4.34674e+12 4.27443e+12 4.26157e+12 4.29234e+12 4.24169e+12 4.2652e+12 4.28322e+12 9.30559e+12
 1600 5.25707e+12 5.3017e+12 5.21296e+12 5.18835e+12 5.22584e+12 5.16556e+12 5.19325e+12 5.21885e+12 1.13859e+13
 1800 6.25221e+12 6.30589e+12 6.19831e+12 6.16239e+12 6.20661e+12 6.1351e+12 6.16803e+12 6.20168e+12 1.35866e+13
 2000 7.2867e+12 7.35252e+12 7.2243e+12 7.17725e+12 7.22833e+12 7.14384e+12 7.18314e+12 7.22502e+12 1.58963e+13
 2200 8.35802e+12 8.43914e+12 8.28571e+12 8.22752e+12 8.28607e+12 8.18749e+12 8.23369e+12 8.2846e+12 1.83024e+13
 2400 9.46211e+12 9.56091e+12 9.3776e+12 9.30808e+12 9.3743e+12 9.26172e+12 9.3147e+12 9.37557e+12 2.07933e+13
 2600 1.05957e+13 1.07127e+13 1.04982e+13 1.04152e+13 1.04908e+13 1.03632e+13 1.04231e+13 1.04947e+13 2.33598e+13
 2800 1.17567e+13 1.18912e+13 1.16442e+13 1.15465e+13 1.1631e+13 1.14888e+13 1.15554e+13 1.16389e+13 2.59944e+13
 3000 1.2942e+13 1.30958e+13 1.28133e+13 1.27002e+13 1.27925e+13 1.26369e+13 1.27099e+13 1.28061e+13 2.86944e+13
 3200 1.41484e+13 1.43228e+13 1.40013e+13 1.38751e+13 1.39734e+13 1.38021e+13 1.38835e+13 1.39931e+13 3.14546e+13
 3400 1.53711e+13 1.557e+13 1.52057e+13 1.50695e+13 1.51719e+13 1.49837e+13 1.5075e+13 1.51979e+13 3.42674e+13
 3600 1.66116e+13 1.68366e+13 1.64238e+13 1.62818e+13 1.63849e+13 1.61788e+13 1.62818e+13 1.64187e+13 3.71298e+13
 3800 1.78698e+13 1.81223e+13 1.76569e+13 1.75092e+13 1.76109e+13 1.73876e+13 1.75026e+13 1.76547e+13 4.00378e+13
 4000 1.91437e+13 1.94263e+13 1.89031e+13 1.87515e+13 1.88493e+13 1.86063e+13 1.87357e+13 1.89045e+13 4.2988e+13
 4000 1.8908e+13 1.94862e+13 1.88326e+13 1.87259e+13 1.87138e+13 1.87031e+13 1.87143e+13 1.88588e+13 4.29059e+13
 8000 4.64255e+13 4.76232e+13 4.51249e+13 4.49646e+13 4.46137e+13 4.4398e+13 4.46587e+13 4.53517e+13 1.05832e+14
 12000 7.64587e+13 7.77361e+13 7.24858e+13 7.30326e+13 7.13477e+13 7.10343e+13 7.18048e+13 7.3307e+13 1.74649e+14
 16000 1.07674e+14 1.0875e+14 1.00232e+14 1.02412e+14 9.73337e+13 9.77679e+13 9.91713e+13 1.01724e+14 2.44156e+14
 20000 1.39118e+14 1.39642e+14 1.2854e+14 1.31805e+14 1.23119e+14 1.2457e+14 1.26498e+14 1.30205e+14 3.13215e+14
 24000 1.70429e+14 1.71466e+14 1.57114e+14 1.61459e+14 1.49708e+14 1.51159e+14 1.54109e+14 1.59e+14 3.82725e+14
 28000 2.0202e+14 2.03378e+14 1.85187e+14 1.90975e+14 1.76679e+14 1.77183e+14 1.81612e+14 1.87712e+14 4.52412e+14
 32000 2.33562e+14 2.34761e+14 2.12712e+14 2.20596e+14 2.03289e+14 2.0302e+14 2.08968e+14 2.16186e+14 5.20328e+14
 36000 2.63996e+14 2.66004e+14 2.39607e+14 2.49932e+14 2.30538e+14 2.29301e+14 2.3659e+14 2.44568e+14 5.87076e+14
 40000 2.93659e+14 2.9684e+14 2.65943e+14 2.78246e+14 2.58111e+14 2.55125e+14 2.63827e+14 2.72489e+14 6.53781e+14
 44000 3.23737e+14 3.27839e+14 2.91672e+14 3.06168e+14 2.85547e+14 2.81077e+14 2.90931e+14 3.00325e+14 7.21126e+14
 48000 3.54516e+14 3.59155e+14 3.16847e+14 3.33383e+14 3.12117e+14 3.07025e+14 3.17508e+14 3.27908e+14 7.8889e+14
 52000 3.85896e+14 3.89893e+14 3.41125e+14 3.60408e+14 3.3843e+14 3.33532e+14 3.44123e+14 3.55396e+14 8.54562e+14
 56000 4.1731e+14 4.20095e+14 3.65759e+14 3.87049e+14 3.64424e+14 3.59754e+14 3.70409e+14 3.82667e+14 9.1971e+14
 60000 4.47897e+14 4.50951e+14 3.90978e+14 4.14087e+14 3.91087e+14 3.84867e+14 3.9668e+14 4.09985e+14 9.83916e+14
 64000 4.78778e+14 4.83137e+14 4.16766e+14 4.40772e+14 4.18007e+14 4.09086e+14 4.22622e+14 4.37397e+14 1.04747e+15
 68000 5.0973e+14 5.16144e+14 4.42086e+14 4.67313e+14 4.45307e+14 4.32218e+14 4.48279e+14 4.64695e+14 1.11215e+15
 72000 5.40662e+14 5.49883e+14 4.67787e+14 4.9373e+14 4.73432e+14 4.54579e+14 4.73914e+14 4.92126e+14 1.17852e+15
 76000 5.72037e+14 5.84799e+14 4.93907e+14 5.20304e+14 5.02013e+14 4.76862e+14 4.99726e+14 5.19935e+14 1.24757e+15
 80000 6.03429e+14 6.20258e+14 5.20141e+14 5.46973e+14 5.30851e+14 4.99459e+14 5.25761e+14 5.47967e+14 1.31685e+15
 80000 5.95968e+14 5.76573e+14 5.10311e+14 5.29914e+14 5.5585e+14 4.86732e+14 5.24165e+14 5.38879e+14 1.35944e+15
 160000 1.19793e+15 1.2944e+15 1.07205e+15 1.02345e+15 1.10548e+15 9.67529e+14 1.03215e+15 1.09454e+15 2.64222e+15
 240000 1.65538e+15 1.93341e+15 1.57342e+15 1.48803e+15 1.63435e+15 1.38006e+15 1.50081e+15 1.58878e+15 3.75285e+15
 320000 2.31325e+15 2.54857e+15 2.08764e+15 1.85781e+15 2.08007e+15 1.77148e+15 1.90312e+15 2.06847e+15 4.56621e+15
 400000 3.05613e+15 3.12947e+15 2.55862e+15 2.18979e+15 2.5997e+15 2.16391e+15 2.3178e+15 2.55658e+15 5.18575e+15
 480000 3.73033e+15 3.72829e+15 3.01405e+15 2.52895e+15 3.21493e+15 2.61671e+15 2.78686e+15 3.06847e+15 5.84698e+15
 560000 4.41774e+15 4.26278e+15 3.52748e+15 2.87493e+15 3.81279e+15 3.12091e+15 3.26954e+15 3.58946e+15 6.37756e+15
 640000 5.08647e+15 4.71126e+15 4.08641e+15 3.36235e+15 4.45988e+15 3.60365e+15 3.80863e+15 4.13639e+15 6.88233e+15
 720000 5.56703e+15 5.15458e+15 4.50717e+15 3.72546e+15 5.12151e+15 4.09048e+15 4.31248e+15 4.61799e+15 7.22356e+15
 800000 6.13995e+15 5.65438e+15 5.0349e+15 4.11719e+15 5.84654e+15 4.5483e+15 4.83734e+15 5.1463e+15 7.68473e+15
 880000 6.75905e+15 6.03733e+15 5.51231e+15 4.58228e+15 6.59304e+15 4.99445e+15 5.38992e+15 5.67511e+15 8.14492e+15
 960000 7.33287e+15 6.31335e+15 5.93496e+15 5.02775e+15 7.42029e+15 5.52991e+15 5.99265e+15 6.20642e+15 8.46293e+15
 1.04e+06 7.88596e+15 6.54874e+15 6.41365e+15 5.55243e+15 8.28434e+15 5.95845e+15 6.59841e+15 6.73882e+15 8.72559e+15
 1.12e+06 8.45935e+15 6.82893e+15 6.76581e+15 5.94212e+15 9.03758e+15 6.42211e+15 7.13394e+15 7.22091e+15 8.85621e+15
 1.2e+06 9.16673e+15 7.14847e+15 7.20874e+15 6.38303e+15 9.76438e+15 6.90064e+15 7.68269e+15 7.74614e+15 9.11589e+15
 1.28e+06 9.85032e+15 7.42184e+15 7.65514e+15 6.78667e+15 1.05663e+16 7.31136e+15 8.22145e+15 8.25651e+15 9.44102e+15
 1.36e+06 1.05768e+16 7.84806e+15 8.10717e+15 7.24669e+15 1.1444e+16 7.59892e+15 8.7632e+15 8.79553e+15 9.65182e+15
 1.44e+06 1.13005e+16 8.31739e+15 8.47565e+15 7.65536e+15 1.22481e+16 7.85759e+15 9.25367e+15 9.298e+15 1.01265e+16
 1.52e+06 1.2032e+16 8.74005e+15 8.9047e+15 8.07137e+15 1.3049e+16 8.13159e+15 9.75065e+15 9.80729e+15 1.07347e+16
 1.6e+06 1.27232e+16 9.01881e+15 9.27357e+15 8.46969e+15 1.3864e+16 8.40131e+15 1.0245e+16 1.02824e+16 1.14032e+16
 1.6e+06 1.3539e+16 8.78092e+15 6.43836e+15 7.01361e+15 1.30783e+16 1.20591e+16 1.0717e+16 1.02647e+16 6.78588e+15
 3.2e+06 3.28563e+16 1.36866e+16 1.59656e+16 1.39362e+16 3.06784e+16 2.01803e+16 2.15983e+16 2.12934e+16 1.51703e+16
 4.8e+06 4.54236e+16 2.0678e+16 2.30948e+16 1.53416e+16 4.27322e+16 1.78044e+16 2.52927e+16 2.70685e+16 2.43826e+16
 6.4e+06 4.48812e+16 2.22599e+16 2.43634e+16 1.19941e+16 3.70809e+16 2.90659e+16 2.6047e+16 2.78288e+16 3.44529e+16
 8e+06 4.06426e+16 2.35506e+16 2.26411e+16 9.4595e+15 3.35835e+16 3.55071e+16 2.61834e+16 2.72879e+16 4.02206e+16
 9.6e+06 3.11663e+16 2.04845e+16 1.52364e+16 8.92181e+15 3.21241e+16 3.20347e+16 2.43602e+16 2.35344e+16 4.46521e+16
 1.12e+07 2.38246e+16 1.13842e+16 1.83969e+16 1.03012e+16 2.69867e+16 3.85587e+16 2.52822e+16 2.23168e+16 4.88574e+16
 1.28e+07 4.262e+16 4.81449e+15 3.34825e+16 2.52153e+16 1.75277e+16 5.114e+16 3.12943e+16 2.95655e+16 4.35676e+16
 1.44e+07 7.57053e+16 7.75762e+15 6.00221e+16 3.48941e+16 1.78839e+16 3.93215e+16 3.06998e+16 3.75512e+16 3.72686e+16
 1.6e+07 1.23151e+17 6.86613e+15 7.44439e+16 3.07831e+16 2.89942e+16 5.64797e+16 3.87523e+16 5.05129e+16 1.70426e+16
 1.76e+07 1.03874e+17 2.24488e+15 8.12055e+16 1.09013e+16 7.09157e+16 8.37586e+16 5.51919e+16 5.80918e+16 2.94662e+15
 1.92e+07 1.17466e+17 1.74766e+15 9.05579e+16 1.45804e+14 5.41345e+16 7.45469e+16 4.29424e+16 5.3735e+16 1.02106e+14
