#NOTE: MSDs should be divided by (temperature^2).
#NOTE: MSDs have been divided by 2.
#Time	MSD_x	MSD_y	MSD_z	MSD_all
 10 7893.16 16185.5 24576.9 16218.5
 20 31520.9 42335.5 59434.2 44430.2
 30 70842.7 56587.1 66220.6 64550.1
 40 125857 68917 63055 85943
 50 196581 92444.6 73205.4 120744
 60 283010 124055 90432.2 165832
 70 385130 159579 106945 217218
 80 502931 200880 126504 276772
 90 636408 247817 149216 344480
 100 785554 298485 171448 418496
 110 950361 353640 194433 499478
 120 1.13082e+06 414460 220484 588589
 130 1.32693e+06 480451 248689 685357
 140 1.53868e+06 551323 278364 789456
 150 1.76607e+06 627467 310299 901278
 160 2.00908e+06 708764 344417 1.02075e+06
 170 2.26772e+06 794878 379968 1.14752e+06
 180 2.54197e+06 885958 417097 1.28168e+06
 190 2.83184e+06 982225 456372 1.42348e+06
 200 3.13731e+06 1.08355e+06 497655 1.57284e+06
 200 3.13732e+06 1.08387e+06 496973 1.57272e+06
 400 1.25221e+07 4.1689e+06 1.7171e+06 6.13603e+06
 600 2.81512e+07 9.28201e+06 3.70581e+06 1.3713e+07
 800 5.00366e+07 1.64299e+07 6.46334e+06 2.43099e+07
 1000 7.81729e+07 2.56085e+07 9.99106e+06 3.79242e+07
 1200 1.12557e+08 3.68169e+07 1.42849e+07 5.45528e+07
 1400 1.53191e+08 5.00557e+07 1.93465e+07 7.41978e+07
 1600 2.00076e+08 6.53224e+07 2.51736e+07 9.68573e+07
 1800 2.53209e+08 8.26169e+07 3.17645e+07 1.2253e+08
 2000 3.12591e+08 1.01939e+08 3.91178e+07 1.51216e+08
 2200 3.78222e+08 1.23288e+08 4.72315e+07 1.82914e+08
 2400 4.501e+08 1.46662e+08 5.61062e+07 2.17623e+08
 2600 5.28226e+08 1.72061e+08 6.57415e+07 2.55343e+08
 2800 6.126e+08 1.99485e+08 7.61349e+07 2.96073e+08
 3000 7.03222e+08 2.28933e+08 8.72849e+07 3.39813e+08
 3200 8.0009e+08 2.60404e+08 9.91907e+07 3.86562e+08
 3400 9.03205e+08 2.93895e+08 1.11853e+08 4.36318e+08
 3600 1.01257e+09 3.29408e+08 1.25266e+08 4.8908e+08
 3800 1.12818e+09 3.6694e+08 1.39433e+08 5.4485e+08
 4000 1.25003e+09 4.06492e+08 1.54353e+08 6.03625e+08
 4000 1.25003e+09 4.06629e+08 1.54272e+08 6.03643e+08
 8000 4.99842e+09 1.62123e+09 6.09423e+08 2.40969e+09
 12000 1.12434e+10 3.63916e+09 1.35883e+09 5.41378e+09
 16000 1.99838e+10 6.45655e+09 2.39674e+09 9.61235e+09
 20000 3.12187e+10 1.007e+10 3.71916e+09 1.50026e+10
 24000 4.49478e+10 1.44768e+10 5.32212e+09 2.15823e+10
 28000 6.11713e+10 1.96743e+10 7.20223e+09 2.93493e+10
 32000 7.98885e+10 2.56596e+10 9.35635e+09 3.83015e+10
 36000 1.01099e+11 3.24296e+10 1.17816e+10 4.84367e+10
 40000 1.24801e+11 3.99809e+10 1.44759e+10 5.97525e+10
 44000 1.50994e+11 4.83116e+10 1.74371e+10 7.22476e+10
 48000 1.79678e+11 5.74197e+10 2.06645e+10 8.59208e+10
 52000 2.10853e+11 6.73029e+10 2.41581e+10 1.00771e+11
 56000 2.44517e+11 7.79591e+10 2.79168e+10 1.16798e+11
 60000 2.80671e+11 8.93879e+10 3.19395e+10 1.33999e+11
 64000 3.19315e+11 1.01588e+11 3.62244e+10 1.52376e+11
 68000 3.60447e+11 1.14554e+11 4.07713e+10 1.71924e+11
 72000 4.04067e+11 1.28287e+11 4.5579e+10 1.92645e+11
 76000 4.50177e+11 1.42785e+11 5.06487e+10 2.14537e+11
 80000 4.98772e+11 1.58043e+11 5.59799e+10 2.37598e+11
 80000 4.98804e+11 1.59476e+11 5.5575e+10 2.37952e+11
 160000 1.99313e+12 6.26299e+11 2.15881e+11 9.45103e+11
 240000 4.48218e+12 1.38931e+12 4.74935e+11 2.11547e+12
 320000 7.9648e+12 2.44372e+12 8.2636e+11 3.74496e+12
 400000 1.24361e+13 3.78092e+12 1.26383e+12 5.82696e+12
 480000 1.78915e+13 5.39388e+12 1.79435e+12 8.3599e+12
 560000 2.43326e+13 7.28363e+12 2.41087e+12 1.13424e+13
 640000 3.17581e+13 9.44339e+12 3.1105e+12 1.47707e+13
 720000 4.01566e+13 1.18557e+13 3.88918e+12 1.86338e+13
 800000 4.95286e+13 1.45086e+13 4.74712e+12 2.29281e+13
 880000 5.98775e+13 1.73988e+13 5.68393e+12 2.76534e+13
 960000 7.11952e+13 2.05139e+13 6.69137e+12 3.28002e+13
 1.04e+06 8.34807e+13 2.38542e+13 7.76958e+12 3.83681e+13
 1.12e+06 9.67497e+13 2.74381e+13 8.91047e+12 4.43661e+13
 1.2e+06 1.11002e+14 3.12607e+13 1.01192e+13 5.07941e+13
 1.28e+06 1.26242e+14 3.53568e+13 1.13757e+13 5.76583e+13
 1.36e+06 1.42465e+14 3.9694e+13 1.26889e+13 6.49493e+13
 1.44e+06 1.59683e+14 4.42607e+13 1.40644e+13 7.26693e+13
 1.52e+06 1.77858e+14 4.90659e+13 1.55113e+13 8.08118e+13
 1.6e+06 1.97007e+14 5.40799e+13 1.70015e+13 8.93629e+13
 1.6e+06 1.9908e+14 6.1116e+13 1.96488e+13 9.32817e+13
 3.2e+06 7.90062e+14 2.19715e+14 6.59848e+13 3.58587e+14
 4.8e+06 1.7808e+15 4.92952e+14 1.49459e+14 8.07737e+14
 6.4e+06 3.15991e+15 8.58619e+14 2.4426e+14 1.42093e+15
 8e+06 4.97528e+15 1.45865e+15 4.23432e+14 2.28579e+15
